[[-0.04825066 -0.01066762  0.0042008 ]
 [-0.03602778  0.00776171 -0.00887637]
 [-0.0171306   0.0412915  -0.00636016]
 ...
 [ 0.0072877   0.00429999  0.01343921]
 [ 0.02737436 -0.0153139   0.01693539]
 [ 0.00324079  0.01127095  0.00061132]]
===========================
[[-0.04825066 -0.01066762  0.0042008 ]
 [-0.03602778  0.00776171 -0.00887637]
 [-0.0171306   0.0412915  -0.00636016]
 ...
 [ 0.0072877   0.00429999  0.01343921]
 [ 0.02737436 -0.0153139   0.01693539]
 [ 0.00324079  0.01127095  0.00061132]]