[37.1578947368421]
mean: 37.1578947368421   var: 0.0
---------------------------------------
[37.1578947368421, 30.02857142857143]
mean: 33.59323308270677   var: 12.706812708462877
---------------------------------------
[37.1578947368421, 30.02857142857143, 38.78181818181818]
mean: 35.32276144907724   var: 14.453745212468812
---------------------------------------
[37.1578947368421, 30.02857142857143, 38.78181818181818, 36.69642857142857]
mean: 35.66617822966507   var: 11.194114164919544
---------------------------------------
[37.1578947368421, 30.02857142857143, 38.78181818181818, 36.69642857142857, 33.12698412698413]
mean: 35.158339409128885   var: 9.986892402509984
---------------------------------------
[37.1578947368421, 30.02857142857143, 38.78181818181818, 36.69642857142857, 33.12698412698413, 49.25581395348837]
mean: 37.507918499855464   var: 35.92501985332274
---------------------------------------
[37.1578947368421, 30.02857142857143, 38.78181818181818, 36.69642857142857, 33.12698412698413, 49.25581395348837, 34.65573770491803]
mean: 37.100464100578684   var: 31.788988684930906
---------------------------------------
[37.1578947368421, 30.02857142857143, 38.78181818181818, 36.69642857142857, 33.12698412698413, 49.25581395348837, 34.65573770491803, 34.11290322580645]
mean: 36.72701899123216   var: 28.791593847178433
---------------------------------------
[37.1578947368421, 30.02857142857143, 38.78181818181818, 36.69642857142857, 33.12698412698413, 49.25581395348837, 34.65573770491803, 34.11290322580645, 45.234042553191486]
mean: 37.67224383144986   var: 32.74012785267527
---------------------------------------
[37.1578947368421, 30.02857142857143, 38.78181818181818, 36.69642857142857, 33.12698412698413, 49.25581395348837, 34.65573770491803, 34.11290322580645, 45.234042553191486, 30.808823529411764]
mean: 36.98590180124605   var: 33.705703509226325
---------------------------------------
[37.1578947368421, 30.02857142857143, 38.78181818181818, 36.69642857142857, 33.12698412698413, 49.25581395348837, 34.65573770491803, 34.11290322580645, 45.234042553191486, 30.808823529411764, 29.28985507246377]
mean: 36.28626118953857   var: 35.53651850025538
---------------------------------------
[37.1578947368421, 30.02857142857143, 38.78181818181818, 36.69642857142857, 33.12698412698413, 49.25581395348837, 34.65573770491803, 34.11290322580645, 45.234042553191486, 30.808823529411764, 29.28985507246377, 31.208955223880597]
mean: 35.86315235906707   var: 34.544373865219974
---------------------------------------
[37.1578947368421, 30.02857142857143, 38.78181818181818, 36.69642857142857, 33.12698412698413, 49.25581395348837, 34.65573770491803, 34.11290322580645, 45.234042553191486, 30.808823529411764, 29.28985507246377, 31.208955223880597, 36.94827586206897]
mean: 35.946623397759524   var: 31.970723308730896
---------------------------------------
[37.1578947368421, 30.02857142857143, 38.78181818181818, 36.69642857142857, 33.12698412698413, 49.25581395348837, 34.65573770491803, 34.11290322580645, 45.234042553191486, 30.808823529411764, 29.28985507246377, 31.208955223880597, 36.94827586206897, 35.98275862068966]
mean: 35.94920448511168   var: 29.687186821405067
---------------------------------------
[37.1578947368421, 30.02857142857143, 38.78181818181818, 36.69642857142857, 33.12698412698413, 49.25581395348837, 34.65573770491803, 34.11290322580645, 45.234042553191486, 30.808823529411764, 29.28985507246377, 31.208955223880597, 36.94827586206897, 35.98275862068966, 31.23076923076923]
mean: 35.63464213482219   var: 29.093333644386526
---------------------------------------
[37.1578947368421, 30.02857142857143, 38.78181818181818, 36.69642857142857, 33.12698412698413, 49.25581395348837, 34.65573770491803, 34.11290322580645, 45.234042553191486, 30.808823529411764, 29.28985507246377, 31.208955223880597, 36.94827586206897, 35.98275862068966, 31.23076923076923, 49.76744186046512]
mean: 36.51794211767486   var: 38.97828318722563
---------------------------------------
[37.1578947368421, 30.02857142857143, 38.78181818181818, 36.69642857142857, 33.12698412698413, 49.25581395348837, 34.65573770491803, 34.11290322580645, 45.234042553191486, 30.808823529411764, 29.28985507246377, 31.208955223880597, 36.94827586206897, 35.98275862068966, 31.23076923076923, 49.76744186046512, 34.20967741935484]
mean: 36.3821618413031   var: 36.98042353496726
---------------------------------------
[37.1578947368421, 30.02857142857143, 38.78181818181818, 36.69642857142857, 33.12698412698413, 49.25581395348837, 34.65573770491803, 34.11290322580645, 45.234042553191486, 30.808823529411764, 29.28985507246377, 31.208955223880597, 36.94827586206897, 35.98275862068966, 31.23076923076923, 49.76744186046512, 34.20967741935484, 32.74603174603175]
mean: 36.18015461378803   var: 35.619673200263975
---------------------------------------
[37.1578947368421, 30.02857142857143, 38.78181818181818, 36.69642857142857, 33.12698412698413, 49.25581395348837, 34.65573770491803, 34.11290322580645, 45.234042553191486, 30.808823529411764, 29.28985507246377, 31.208955223880597, 36.94827586206897, 35.98275862068966, 31.23076923076923, 49.76744186046512, 34.20967741935484, 32.74603174603175, 31.78787878787879]
mean: 35.94898220189807   var: 34.706885870487206
---------------------------------------
[37.1578947368421, 30.02857142857143, 38.78181818181818, 36.69642857142857, 33.12698412698413, 49.25581395348837, 34.65573770491803, 34.11290322580645, 45.234042553191486, 30.808823529411764, 29.28985507246377, 31.208955223880597, 36.94827586206897, 35.98275862068966, 31.23076923076923, 49.76744186046512, 34.20967741935484, 32.74603174603175, 31.78787878787879, 37.527272727272724]
mean: 36.027896728166795   var: 33.089864123630996
---------------------------------------
[37.1578947368421, 30.02857142857143, 38.78181818181818, 36.69642857142857, 33.12698412698413, 49.25581395348837, 34.65573770491803, 34.11290322580645, 45.234042553191486, 30.808823529411764, 29.28985507246377, 31.208955223880597, 36.94827586206897, 35.98275862068966, 31.23076923076923, 49.76744186046512, 34.20967741935484, 32.74603174603175, 31.78787878787879, 37.527272727272724, 42.30612244897959]
mean: 36.32685985772931   var: 33.30173536497625
---------------------------------------
[37.1578947368421, 30.02857142857143, 38.78181818181818, 36.69642857142857, 33.12698412698413, 49.25581395348837, 34.65573770491803, 34.11290322580645, 45.234042553191486, 30.808823529411764, 29.28985507246377, 31.208955223880597, 36.94827586206897, 35.98275862068966, 31.23076923076923, 49.76744186046512, 34.20967741935484, 32.74603174603175, 31.78787878787879, 37.527272727272724, 42.30612244897959, 38.46296296296296]
mean: 36.42395545342175   var: 31.985998769873948
---------------------------------------
[37.1578947368421, 30.02857142857143, 38.78181818181818, 36.69642857142857, 33.12698412698413, 49.25581395348837, 34.65573770491803, 34.11290322580645, 45.234042553191486, 30.808823529411764, 29.28985507246377, 31.208955223880597, 36.94827586206897, 35.98275862068966, 31.23076923076923, 49.76744186046512, 34.20967741935484, 32.74603174603175, 31.78787878787879, 37.527272727272724, 42.30612244897959, 38.46296296296296, 33.46031746031746]
mean: 36.29510162763461   var: 30.960575956423416
---------------------------------------
[37.1578947368421, 30.02857142857143, 38.78181818181818, 36.69642857142857, 33.12698412698413, 49.25581395348837, 34.65573770491803, 34.11290322580645, 45.234042553191486, 30.808823529411764, 29.28985507246377, 31.208955223880597, 36.94827586206897, 35.98275862068966, 31.23076923076923, 49.76744186046512, 34.20967741935484, 32.74603174603175, 31.78787878787879, 37.527272727272724, 42.30612244897959, 38.46296296296296, 33.46031746031746, 32.06060606060606]
mean: 36.11866431234176   var: 30.386544861477372
---------------------------------------
[37.1578947368421, 30.02857142857143, 38.78181818181818, 36.69642857142857, 33.12698412698413, 49.25581395348837, 34.65573770491803, 34.11290322580645, 45.234042553191486, 30.808823529411764, 29.28985507246377, 31.208955223880597, 36.94827586206897, 35.98275862068966, 31.23076923076923, 49.76744186046512, 34.20967741935484, 32.74603174603175, 31.78787878787879, 37.527272727272724, 42.30612244897959, 38.46296296296296, 33.46031746031746, 32.06060606060606, 32.50769230769231]
mean: 35.97422543215578   var: 29.67178522964338
---------------------------------------
[37.1578947368421, 30.02857142857143, 38.78181818181818, 36.69642857142857, 33.12698412698413, 49.25581395348837, 34.65573770491803, 34.11290322580645, 45.234042553191486, 30.808823529411764, 29.28985507246377, 31.208955223880597, 36.94827586206897, 35.98275862068966, 31.23076923076923, 49.76744186046512, 34.20967741935484, 32.74603174603175, 31.78787878787879, 37.527272727272724, 42.30612244897959, 38.46296296296296, 33.46031746031746, 32.06060606060606, 32.50769230769231, 29.884057971014492]
mean: 35.73998822211188   var: 29.90223948503964
---------------------------------------
[37.1578947368421, 30.02857142857143, 38.78181818181818, 36.69642857142857, 33.12698412698413, 49.25581395348837, 34.65573770491803, 34.11290322580645, 45.234042553191486, 30.808823529411764, 29.28985507246377, 31.208955223880597, 36.94827586206897, 35.98275862068966, 31.23076923076923, 49.76744186046512, 34.20967741935484, 32.74603174603175, 31.78787878787879, 37.527272727272724, 42.30612244897959, 38.46296296296296, 33.46031746031746, 32.06060606060606, 32.50769230769231, 29.884057971014492, 30.61764705882353]
mean: 35.55027188273083   var: 29.730548658873666
---------------------------------------
[37.1578947368421, 30.02857142857143, 38.78181818181818, 36.69642857142857, 33.12698412698413, 49.25581395348837, 34.65573770491803, 34.11290322580645, 45.234042553191486, 30.808823529411764, 29.28985507246377, 31.208955223880597, 36.94827586206897, 35.98275862068966, 31.23076923076923, 49.76744186046512, 34.20967741935484, 32.74603174603175, 31.78787878787879, 37.527272727272724, 42.30612244897959, 38.46296296296296, 33.46031746031746, 32.06060606060606, 32.50769230769231, 29.884057971014492, 30.61764705882353, 34.016129032258064]
mean: 35.49548106664252   var: 28.749798254874005
---------------------------------------
[37.1578947368421, 30.02857142857143, 38.78181818181818, 36.69642857142857, 33.12698412698413, 49.25581395348837, 34.65573770491803, 34.11290322580645, 45.234042553191486, 30.808823529411764, 29.28985507246377, 31.208955223880597, 36.94827586206897, 35.98275862068966, 31.23076923076923, 49.76744186046512, 34.20967741935484, 32.74603174603175, 31.78787878787879, 37.527272727272724, 42.30612244897959, 38.46296296296296, 33.46031746031746, 32.06060606060606, 32.50769230769231, 29.884057971014492, 30.61764705882353, 34.016129032258064, 44.541666666666664]
mean: 35.807418501126115   var: 30.4829648661594
---------------------------------------
[37.1578947368421, 30.02857142857143, 38.78181818181818, 36.69642857142857, 33.12698412698413, 49.25581395348837, 34.65573770491803, 34.11290322580645, 45.234042553191486, 30.808823529411764, 29.28985507246377, 31.208955223880597, 36.94827586206897, 35.98275862068966, 31.23076923076923, 49.76744186046512, 34.20967741935484, 32.74603174603175, 31.78787878787879, 37.527272727272724, 42.30612244897959, 38.46296296296296, 33.46031746031746, 32.06060606060606, 32.50769230769231, 29.884057971014492, 30.61764705882353, 34.016129032258064, 44.541666666666664, 31.83606557377049]
mean: 35.67504007021425   var: 29.975063457437265
---------------------------------------
