0.015000000000000208
0.015000000000000208
0.015000000000000208
0.015000000000000208
0.016100000000000208
0.016100000000000208
0.016100000000000208
0.016100000000000208
0.016100000000000208
0.016100000000000208
0.016100000000000208
0.016100000000000208
0.016100000000000208
0.016100000000000208
0.016100000000000208
0.016100000000000208
0.016100000000000208
0.016100000000000208
0.016100000000000208
0.016100000000000208
0.016100000000000208
0.016100000000000208
0.016100000000000208
0.017200000000000208
0.017200000000000208
0.017200000000000208
0.017200000000000208
0.017200000000000208
0.017200000000000208
0.016100000000000208
0.016100000000000208
0.016100000000000208
0.016100000000000208
0.016100000000000208
0.016100000000000208
0.016100000000000208
0.016100000000000208
0.016100000000000208
0.016100000000000208
0.016100000000000208
0.016100000000000208
0.016100000000000208
0.017200000000000208
0.017200000000000208
0.017200000000000208
0.017200000000000208
0.017200000000000208
0.017200000000000208
0.017200000000000208
0.017200000000000208
0.017200000000000208
0.017200000000000208
0.017200000000000208
0.017200000000000208
0.017200000000000208
0.017200000000000208
0.017200000000000208
0.017200000000000208
0.017200000000000208
0.017200000000000208
0.017200000000000208
0.01830000000000021
0.01830000000000021
0.01830000000000021
0.01830000000000021
0.01830000000000021
0.01830000000000021
0.01830000000000021
0.01830000000000021
0.01830000000000021
0.01830000000000021
0.01830000000000021
0.01830000000000021
0.01830000000000021
0.01830000000000021
0.01830000000000021
0.01830000000000021
0.01830000000000021
0.01830000000000021
0.01830000000000021
0.01830000000000021
0.01830000000000021
0.01830000000000021
0.01830000000000021
0.01830000000000021
0.017200000000000208
0.017200000000000208
0.017200000000000208
0.017200000000000208
0.017200000000000208
0.017200000000000208
0.017200000000000208
0.017200000000000208
0.017200000000000208
0.017200000000000208
0.017200000000000208
0.017200000000000208
0.017200000000000208
0.017200000000000208
0.017200000000000208
0.017200000000000208
0.017200000000000208
0.017200000000000208
0.017200000000000208
0.017200000000000208
0.017200000000000208
0.017200000000000208
0.017200000000000208
0.017200000000000208
0.017200000000000208
0.017200000000000208
0.017200000000000208
0.017200000000000208
0.017200000000000208
0.017200000000000208
0.017200000000000208
0.017200000000000208
0.017200000000000208
0.017200000000000208
0.017200000000000208
0.017200000000000208
0.017200000000000208
0.017200000000000208
0.017200000000000208
0.017200000000000208
0.017200000000000208
0.017200000000000208
0.017200000000000208
0.017200000000000208
0.017200000000000208
0.017200000000000208
0.017200000000000208
0.017200000000000208
0.017200000000000208
0.017200000000000208
0.017200000000000208
0.017200000000000208
0.017200000000000208
0.017200000000000208
0.017200000000000208
0.017200000000000208
0.016100000000000208
0.016100000000000208
0.016100000000000208
0.016100000000000208
0.016100000000000208
0.016100000000000208
0.016100000000000208
0.016100000000000208
0.016100000000000208
0.016100000000000208
0.016100000000000208
0.016100000000000208
0.016100000000000208
0.016100000000000208
0.016100000000000208
0.016800000000000207
0.017500000000000206
0.018200000000000206
0.019300000000000206
0.019300000000000206
0.019300000000000206
0.019300000000000206
0.019300000000000206
0.019300000000000206
0.019300000000000206
0.019300000000000206
0.020000000000000205
0.020700000000000204
0.021400000000000204
0.022100000000000203
0.022800000000000202
0.0235000000000002
0.0242000000000002
0.0249000000000002
0.0256000000000002
0.026300000000000198
0.027000000000000197
0.027700000000000197
0.028400000000000196
0.029100000000000195
0.029800000000000194
0.030500000000000194
0.031200000000000193
0.0319000000000002
0.032600000000000205
0.03330000000000021
0.03400000000000022
0.034700000000000224
0.03540000000000023
0.036100000000000236
0.03680000000000024
0.03750000000000025
0.038200000000000255
0.03890000000000026
0.03960000000000027
0.04030000000000027
0.04100000000000028
0.041700000000000285
0.04240000000000029
0.0431000000000003
0.043800000000000304
0.04450000000000031
0.045200000000000316
0.04590000000000032
0.04660000000000033
0.047300000000000335
0.04800000000000034
0.04870000000000035
0.04940000000000035
0.05010000000000036
0.04970000000000036
0.05040000000000037
0.051100000000000374
0.05180000000000038
0.05250000000000039
0.05320000000000039
0.0539000000000004
0.054600000000000405
0.05530000000000041
0.05600000000000042
0.056700000000000424
0.05740000000000043
0.058100000000000436
0.05880000000000044
0.05950000000000045
0.060200000000000455
0.06090000000000046
0.06160000000000047
0.06230000000000047
0.06300000000000047
0.06370000000000048
0.06440000000000048
0.06510000000000049
0.0658000000000005
0.0665000000000005
0.06720000000000051
0.06790000000000052
0.06860000000000052
0.06930000000000053
0.07000000000000053
0.07070000000000054
0.07140000000000055
0.07210000000000055
0.07280000000000056
0.07350000000000056
0.07420000000000057
0.07490000000000058
0.07560000000000058
0.07630000000000059
0.0770000000000006
0.0777000000000006
0.07840000000000061
0.07910000000000061
0.07980000000000062
0.08050000000000063
0.08120000000000063
0.08230000000000064
0.08230000000000064
0.08230000000000064
0.08230000000000064
0.08230000000000064
0.08230000000000064
0.08230000000000064
0.08230000000000064
0.08230000000000064
0.08230000000000064
0.08230000000000064
0.08230000000000064
0.08120000000000063
0.08120000000000063
0.08120000000000063
0.08120000000000063
0.08120000000000063
0.08120000000000063
0.08120000000000063
0.08120000000000063
0.08120000000000063
0.08120000000000063
0.08120000000000063
0.08120000000000063
0.08120000000000063
0.08120000000000063
0.08120000000000063
0.08120000000000063
0.08120000000000063
0.08120000000000063
0.08120000000000063
0.08120000000000063
0.08120000000000063
0.08120000000000063
0.08120000000000063
0.08120000000000063
0.08120000000000063
0.08120000000000063
0.08120000000000063
0.08120000000000063
0.08120000000000063
0.08120000000000063
0.08120000000000063
0.08120000000000063
0.08120000000000063
0.08120000000000063
0.08120000000000063
0.08120000000000063
0.08120000000000063
0.08120000000000063
0.08120000000000063
0.08120000000000063
0.08120000000000063
0.08120000000000063
0.08120000000000063
0.08120000000000063
0.08230000000000064
0.08230000000000064
0.08230000000000064
0.08230000000000064
0.08230000000000064
0.08230000000000064
0.08230000000000064
0.08230000000000064
0.08230000000000064
0.08230000000000064
0.08230000000000064
0.08230000000000064
0.08230000000000064
0.08230000000000064
0.08230000000000064
0.08230000000000064
0.08230000000000064
0.08230000000000064
0.08230000000000064
0.08230000000000064
0.08230000000000064
0.08230000000000064
0.08230000000000064
0.08230000000000064
0.08230000000000064
0.08230000000000064
0.08230000000000064
0.08230000000000064
0.08230000000000064
0.08230000000000064
0.08230000000000064
0.08230000000000064
0.08120000000000063
0.08120000000000063
0.08120000000000063
0.08120000000000063
0.08120000000000063
0.08120000000000063
0.08120000000000063
0.08120000000000063
0.08120000000000063
0.08120000000000063
0.08120000000000063
0.08120000000000063
0.08120000000000063
0.08120000000000063
0.08120000000000063
0.08120000000000063
0.08120000000000063
0.08120000000000063
0.08120000000000063
0.08120000000000063
0.08120000000000063
0.08120000000000063
0.08120000000000063
0.08120000000000063
0.08230000000000064
0.08230000000000064
0.08230000000000064
0.08230000000000064
0.08230000000000064
0.08230000000000064
0.08230000000000064
0.08230000000000064
0.08230000000000064
0.08230000000000064
0.08230000000000064
0.08230000000000064
0.08230000000000064
0.08230000000000064
0.08230000000000064
0.08230000000000064
0.08230000000000064
0.08230000000000064
0.08230000000000064
0.08230000000000064
0.08230000000000064
0.08230000000000064
0.08230000000000064
0.08230000000000064
0.08230000000000064
0.08230000000000064
0.08230000000000064
0.08230000000000064
0.08230000000000064
0.08230000000000064
0.08230000000000064
0.08230000000000064
0.08230000000000064
0.08230000000000064
0.08230000000000064
0.08230000000000064
0.08230000000000064
0.08230000000000064
0.08230000000000064
0.08230000000000064
0.08230000000000064
0.08230000000000064
0.08230000000000064
0.08230000000000064
0.08230000000000064
0.08230000000000064
0.08230000000000064
0.08230000000000064
0.08230000000000064
0.08230000000000064
0.08230000000000064
0.08230000000000064
0.08230000000000064
0.08230000000000064
0.08230000000000064
0.08230000000000064
0.08340000000000064
0.08230000000000064
0.08230000000000064
0.08230000000000064
0.08230000000000064
0.08230000000000064
0.08230000000000064
0.08230000000000064
0.08230000000000064
0.08230000000000064
0.08230000000000064
0.08230000000000064
0.08230000000000064
0.08230000000000064
0.08230000000000064
0.08230000000000064
0.08230000000000064
0.08230000000000064
0.08230000000000064
0.08230000000000064
0.08230000000000064
0.08230000000000064
0.08230000000000064
0.08230000000000064
0.08230000000000064
0.08230000000000064
0.08230000000000064
0.08230000000000064
0.08230000000000064
0.08230000000000064
0.08230000000000064
0.08230000000000064
0.08230000000000064
0.08230000000000064
0.08230000000000064
0.08230000000000064
0.08230000000000064
0.08230000000000064
0.08230000000000064
0.08230000000000064
0.08230000000000064
0.08230000000000064
0.08230000000000064
0.08230000000000064
0.08230000000000064
0.08230000000000064
0.08230000000000064
0.08230000000000064
0.08230000000000064
0.08230000000000064
0.08230000000000064
0.08230000000000064
0.08230000000000064
0.08230000000000064
0.08230000000000064
0.08230000000000064
0.08340000000000064
0.08340000000000064
0.08340000000000064
0.08340000000000064
0.08340000000000064
0.08340000000000064
0.08340000000000064
0.08340000000000064
0.08340000000000064
0.08340000000000064
0.08340000000000064
0.08340000000000064
0.08340000000000064
0.08340000000000064
0.08340000000000064
0.08340000000000064
0.08340000000000064
0.08340000000000064
0.08340000000000064
0.08340000000000064
0.08340000000000064
0.08340000000000064
0.08340000000000064
0.08340000000000064
0.08230000000000064
0.08230000000000064
0.08230000000000064
0.08230000000000064
0.08230000000000064
0.08230000000000064
0.08230000000000064
0.08230000000000064
0.08230000000000064
0.08230000000000064
0.08230000000000064
0.08230000000000064
0.08230000000000064
0.08230000000000064
0.08230000000000064
0.08230000000000064
0.08230000000000064
0.08230000000000064
0.08230000000000064
0.08230000000000064
0.08230000000000064
0.08230000000000064
0.08230000000000064
0.08230000000000064
0.08230000000000064
0.08230000000000064
0.08230000000000064
0.08230000000000064
0.08230000000000064
0.08230000000000064
0.08230000000000064
0.08230000000000064
0.08340000000000064
0.08340000000000064
0.08340000000000064
0.08340000000000064
0.08340000000000064
0.08340000000000064
0.08340000000000064
0.08340000000000064
0.08340000000000064
0.08340000000000064
0.08340000000000064
0.08340000000000064
0.08340000000000064
0.08340000000000064
0.08340000000000064
0.08340000000000064
0.08340000000000064
0.08340000000000064
0.08340000000000064
0.08340000000000064
0.08340000000000064
0.08340000000000064
0.08340000000000064
0.08340000000000064
0.08340000000000064
0.08340000000000064
0.08340000000000064
0.08340000000000064
0.08340000000000064
0.08340000000000064
0.08340000000000064
0.08340000000000064
0.08340000000000064
0.08340000000000064
0.08340000000000064
0.08340000000000064
0.08340000000000064
0.08340000000000064
0.08340000000000064
0.08340000000000064
0.08340000000000064
0.08340000000000064
0.08340000000000064
0.08340000000000064
0.08340000000000064
0.08340000000000064
0.08340000000000064
0.08340000000000064
0.08340000000000064
0.08340000000000064
0.08340000000000064
0.08340000000000064
0.08340000000000064
0.08230000000000064
0.08230000000000064
0.08230000000000064
0.08340000000000064
0.08340000000000064
0.08340000000000064
0.08340000000000064
0.08340000000000064
0.08340000000000064
0.08340000000000064
0.08340000000000064
0.08340000000000064
0.08340000000000064
0.08340000000000064
0.08340000000000064
0.08340000000000064
0.08340000000000064
0.08340000000000064
0.08340000000000064
0.08340000000000064
0.08340000000000064
0.08340000000000064
0.08340000000000064
0.08340000000000064
0.08340000000000064
0.08340000000000064
0.08340000000000064
0.08340000000000064
0.08340000000000064
0.08340000000000064
0.08340000000000064
0.08340000000000064
0.08340000000000064
0.08340000000000064
0.08340000000000064
0.08340000000000064
0.08340000000000064
0.08340000000000064
0.08340000000000064
0.08340000000000064
0.08340000000000064
0.08340000000000064
0.08340000000000064
0.08340000000000064
0.08340000000000064
0.08340000000000064
0.08340000000000064
0.08340000000000064
0.08340000000000064
0.08340000000000064
0.08340000000000064
0.08340000000000064
0.08340000000000064
0.08340000000000064
0.08340000000000064
0.08340000000000064
0.08340000000000064
0.08340000000000064
0.08340000000000064
0.08340000000000064
0.08340000000000064
0.08340000000000064
0.08340000000000064
0.08450000000000064
0.08450000000000064
0.08450000000000064
0.08450000000000064
0.08450000000000064
0.08450000000000064
0.08450000000000064
0.08450000000000064
0.08450000000000064
0.08450000000000064
0.08450000000000064
0.08450000000000064
0.08450000000000064
0.08450000000000064
0.08450000000000064
0.08450000000000064
0.08450000000000064
0.08450000000000064
0.08450000000000064
0.08450000000000064
0.08340000000000064
0.08340000000000064
0.08340000000000064
0.08340000000000064
0.08340000000000064
0.08340000000000064
0.08340000000000064
0.08340000000000064
0.08340000000000064
0.08340000000000064
0.08340000000000064
0.08340000000000064
0.08340000000000064
0.08340000000000064
0.08340000000000064
0.08340000000000064
0.08340000000000064
0.08340000000000064
0.08340000000000064
0.08340000000000064
0.08340000000000064
0.08340000000000064
0.08340000000000064
0.08340000000000064
0.08340000000000064
0.08340000000000064
0.08340000000000064
0.08340000000000064
0.08340000000000064
0.08340000000000064
0.08340000000000064
0.08340000000000064
0.08340000000000064
0.08340000000000064
0.08340000000000064
0.08340000000000064
0.08340000000000064
0.08340000000000064
0.08340000000000064
0.08340000000000064
0.08450000000000064
0.08450000000000064
0.08450000000000064
0.08450000000000064
0.08450000000000064
0.08450000000000064
0.08450000000000064
0.08450000000000064
0.08450000000000064
0.08450000000000064
0.08450000000000064
0.08450000000000064
0.08450000000000064
0.08450000000000064
0.08450000000000064
0.08450000000000064
0.08450000000000064
0.08450000000000064
0.08450000000000064
0.08450000000000064
0.08450000000000064
0.08450000000000064
0.08450000000000064
0.08450000000000064
0.08450000000000064
0.08450000000000064
0.08450000000000064
0.08450000000000064
0.08450000000000064
0.08450000000000064
0.08450000000000064
0.08450000000000064
0.08450000000000064
0.08450000000000064
0.08450000000000064
0.08450000000000064
0.08450000000000064
0.08450000000000064
0.08450000000000064
0.08450000000000064
0.08450000000000064
0.08450000000000064
0.08450000000000064
0.08450000000000064
0.08450000000000064
0.08450000000000064
0.08450000000000064
0.08450000000000064
0.08450000000000064
0.08450000000000064
0.08340000000000064
0.08340000000000064
0.08340000000000064
0.08340000000000064
0.08340000000000064
0.08340000000000064
0.08340000000000064
0.08340000000000064
0.08340000000000064
0.08340000000000064
0.08450000000000064
0.08450000000000064
0.08450000000000064
0.08450000000000064
0.08450000000000064
0.08450000000000064
0.08450000000000064
0.08450000000000064
0.08450000000000064
0.08450000000000064
0.08450000000000064
0.08450000000000064
0.08450000000000064
0.08450000000000064
0.08450000000000064
0.08450000000000064
0.08450000000000064
0.08450000000000064
0.08450000000000064
0.08450000000000064
0.08450000000000064
0.08450000000000064
0.08450000000000064
0.08450000000000064
0.08450000000000064
0.08450000000000064
0.08450000000000064
0.08450000000000064
0.08450000000000064
0.08450000000000064
0.08450000000000064
0.08450000000000064
0.08450000000000064
0.08450000000000064
0.08450000000000064
0.08450000000000064
0.08450000000000064
0.08450000000000064
0.08450000000000064
0.08450000000000064
0.08450000000000064
0.08450000000000064
0.08450000000000064
0.08450000000000064
0.08450000000000064
0.08450000000000064
0.08450000000000064
0.08450000000000064
0.08450000000000064
0.08450000000000064
0.08450000000000064
0.08450000000000064
0.08450000000000064
0.08450000000000064
0.08450000000000064
0.08450000000000064
0.08450000000000064
0.08450000000000064
0.08450000000000064
0.08450000000000064
0.08450000000000064
0.08450000000000064
0.08560000000000065
0.08560000000000065
0.08560000000000065
0.08560000000000065
0.08560000000000065
0.08560000000000065
0.08490000000000064
0.08490000000000064
0.08490000000000064
0.08420000000000064
0.08350000000000063
0.08280000000000062
0.08210000000000062
0.08140000000000061
0.0807000000000006
0.0800000000000006
0.07930000000000059
0.07860000000000059
0.07790000000000058
0.07720000000000057
0.07650000000000057
0.07580000000000056
0.07510000000000056
0.07440000000000055
0.07370000000000054
0.07300000000000054
0.07190000000000053
0.07190000000000053
0.07190000000000053
0.07190000000000053
0.07190000000000053
0.07190000000000053
0.07190000000000053
0.07190000000000053
0.07190000000000053
0.07190000000000053
0.07190000000000053
0.07190000000000053
0.07190000000000053
0.07190000000000053
0.07190000000000053
0.07190000000000053
0.07190000000000053
0.07190000000000053
0.07190000000000053
0.07190000000000053
0.07190000000000053
0.07190000000000053
0.07190000000000053
0.07190000000000053
0.07190000000000053
0.07190000000000053
0.07190000000000053
0.07190000000000053
0.07190000000000053
0.07190000000000053
0.07190000000000053
0.07190000000000053
0.07190000000000053
0.07190000000000053
0.07190000000000053
0.07190000000000053
0.07190000000000053
0.07190000000000053
0.07190000000000053
0.07300000000000054
0.07300000000000054
0.07300000000000054
0.07300000000000054
0.07300000000000054
0.07300000000000054
0.07300000000000054
0.07300000000000054
0.07300000000000054
0.07300000000000054
0.07300000000000054
0.07300000000000054
0.07300000000000054
0.07300000000000054
0.07300000000000054
0.07300000000000054
0.07300000000000054
0.07300000000000054
0.07300000000000054
0.07300000000000054
0.07300000000000054
0.07300000000000054
0.07300000000000054
0.07300000000000054
0.07300000000000054
0.07300000000000054
0.07300000000000054
0.07300000000000054
0.07300000000000054
0.07300000000000054
0.07300000000000054
0.07300000000000054
0.07300000000000054
0.07300000000000054
0.07300000000000054
0.07300000000000054
0.07300000000000054
0.07300000000000054
0.07230000000000053
0.07230000000000053
0.07230000000000053
0.07160000000000052
0.07090000000000052
0.07020000000000051
0.0695000000000005
0.0688000000000005
0.0681000000000005
0.06740000000000049
0.06670000000000048
0.06600000000000047
0.06530000000000047
0.06460000000000046
0.06390000000000046
0.06320000000000045
0.06250000000000044
0.06180000000000044
0.06110000000000043
0.060400000000000426
0.05970000000000042
0.058600000000000416
0.058600000000000416
0.058600000000000416
0.058600000000000416
0.058600000000000416
0.05970000000000042
0.05970000000000042
0.05970000000000042
0.05970000000000042
0.05970000000000042
0.05970000000000042
0.05970000000000042
0.05970000000000042
0.05970000000000042
0.05970000000000042
0.05970000000000042
0.05970000000000042
0.05970000000000042
0.05970000000000042
0.05970000000000042
0.05970000000000042
0.05970000000000042
0.05970000000000042
0.05970000000000042
0.05970000000000042
0.05970000000000042
0.05970000000000042
0.05970000000000042
0.05970000000000042
0.05970000000000042
0.05970000000000042
0.05970000000000042
0.05970000000000042
0.05970000000000042
0.05970000000000042
0.05970000000000042
0.05970000000000042
0.05970000000000042
0.05970000000000042
0.05970000000000042
0.05970000000000042
