0.4206889569759369
0.4167914390563965
0.416553258895874
0.3403317332267761
0.4150437116622925
0.38984590768814087
0.43531766533851624
0.44069042801856995
0.4264748692512512
0.3921760618686676
0.3453402817249298
0.4038546085357666
0.4766485095024109
0.5158010125160217
0.5439783930778503
0.4478587508201599
0.44935786724090576
0.37250927090644836
0.4003758132457733
0.4181564450263977
0.44019851088523865
0.4403136074542999
0.4668685495853424
0.5422778129577637
0.5975242853164673
0.4982745349407196
0.5078077912330627
0.44694483280181885
0.5021668672561646
0.4944419264793396
0.5122361183166504
0.49743592739105225
0.4235442280769348
0.35188812017440796
0.37125664949417114
0.3136875629425049
0.3481614887714386
0.34282463788986206
0.3913973867893219
0.29466646909713745
0.3115455210208893
0.3318946957588196
0.3492061197757721
0.29359301924705505
0.3560231328010559
0.37866610288619995
0.40852174162864685
0.4120497703552246
0.27158257365226746
0.26126179099082947
0.20172877609729767
0.13435329496860504
0.13828995823860168
0.14032797515392303
0.1438734531402588
0.04112373664975166
0.04362921416759491
0.01697305403649807
0.07294429838657379
0.021362081170082092
0.013876337558031082
-0.04570603370666504
-0.033225201070308685
-0.07575300335884094
0.010386688634753227
0.03335211053490639
0.08969657868146896
0.06786121428012848
0.016943616792559624
-0.08711475133895874
-0.06443909555673599
-0.0647357776761055
-0.05500292032957077
-0.06186036765575409
0.005787006579339504
0.07053302973508835
0.11510019749403
0.11614307761192322
0.14696761965751648
0.16832081973552704
0.2141391634941101
0.22028464078903198
0.21233753859996796
0.1353502869606018
0.10716026276350021
0.07146921008825302
0.10917709767818451
0.03384231775999069
0.0032259346917271614
-0.02033037506043911
-0.019985448569059372
-0.04614485800266266
0.02011658251285553
0.018097495660185814
0.17641127109527588
0.19328290224075317
0.1904061734676361
0.3174689710140228
0.25459232926368713
0.2443118840456009
0.3882898688316345
0.3588888943195343
0.43465012311935425
0.4205095171928406
0.46159204840660095
0.4039379060268402
0.43618065118789673
0.3822177052497864
0.47968801856040955
0.3911827802658081
0.4414117634296417
0.4655974805355072
0.4874662458896637
0.4093237817287445
0.48899030685424805
0.42058879137039185
0.35828545689582825
0.28721481561660767
0.3711521625518799
0.34833547472953796
0.3540935218334198
0.5552710294723511
0.5417957901954651
0.49463245272636414
0.5026954412460327
0.4442533850669861
0.5320095419883728
0.49641966819763184
0.5044205784797668
0.44724225997924805
0.3552567660808563
0.3490893840789795
0.3363824486732483
0.34159043431282043
0.3436312675476074
0.33394917845726013
0.3833698630332947
0.4019607603549957
0.34961649775505066
0.4254951775074005
0.37220922112464905
0.3794531226158142
0.3936751186847687
0.3480493128299713
0.33817583322525024
0.3116016983985901
0.22591599822044373
0.11634006351232529
0.09215611219406128
0.029764534905552864
0.059578172862529755
0.07734166085720062
0.11993072926998138
0.04303605109453201
0.04362921416759491
0.01697305403649807
0.07294429838657379
0.021362081170082092
0.013876337558031082
-0.04570603370666504
-0.033225201070308685
-0.07575300335884094
0.010386688634753227
0.03335211053490639
0.08969657868146896
0.06786121428012848
0.016943616792559624
-0.08711475133895874
-0.06443909555673599
-0.0647357776761055
-0.05500292032957077
-0.06186036765575409
0.005787006579339504
0.07053302973508835
0.11510019749403
0.11614307761192322
0.14696761965751648
0.16832081973552704
0.2141391634941101
0.22028464078903198
0.21233753859996796
0.1353502869606018
0.10716026276350021
0.07146921008825302
0.10917709767818451
0.03384231775999069
0.0032259346917271614
-0.02033037506043911
-0.019985448569059372
-0.04614485800266266
0.02011658251285553
0.018097495660185814
0.17641127109527588
0.19328290224075317
0.19084566831588745
0.3236340880393982
0.2498987913131714
0.24548041820526123
0.3882898688316345
0.3588888943195343
0.43465012311935425
0.4205095171928406
0.46159204840660095
0.4039379060268402
0.43618065118789673
0.3822177052497864
0.47968801856040955
0.3911827802658081
0.4414117634296417
0.4655974805355072
0.4874662458896637
0.4093237817287445
0.48899030685424805
0.42058879137039185
0.35828545689582825
0.28721481561660767
0.3711521625518799
0.34833547472953796
0.3540935218334198
0.5552710294723511
0.5417957901954651
0.49463245272636414
0.5026954412460327
0.4442533850669861
0.5320095419883728
0.49641966819763184
0.5044205784797668
0.44724225997924805
0.3552567660808563
0.3490893840789795
0.3363824486732483
0.34159043431282043
0.3436312675476074
0.33394917845726013
0.3833698630332947
0.4019607603549957
0.34961649775505066
0.4254951775074005
0.37220922112464905
0.3794531226158142
0.3936751186847687
0.3480493128299713
0.33817583322525024
0.3116016983985901
0.22591599822044373
0.11634006351232529
0.09215611219406128
0.029764534905552864
0.059578172862529755
0.07734166085720062
0.11993072926998138
0.04303605109453201
0.04362921416759491
0.01697305403649807
0.07294429838657379
0.021362081170082092
0.013876337558031082
-0.04570603370666504
-0.033225201070308685
-0.07575300335884094
0.010386688634753227
0.03335211053490639
0.08969657868146896
0.06786121428012848
0.016943616792559624
-0.08711475133895874
-0.06443909555673599
-0.0647357776761055
-0.05500292032957077
-0.06186036765575409
0.005787006579339504
0.07053302973508835
0.11510019749403
0.11614307761192322
0.14696761965751648
0.16832081973552704
0.2141391634941101
0.22028464078903198
0.21233753859996796
0.1353502869606018
0.10716026276350021
0.07146921008825302
0.10917709767818451
0.03384231775999069
0.0032259346917271614
-0.02033037506043911
-0.019985448569059372
-0.04614485800266266
0.02011658251285553
0.018097495660185814
0.17641127109527588
0.19328290224075317
0.19367602467536926
0.32307952642440796
0.26424258947372437
0.24791990220546722
0.3882898688316345
0.3588888943195343
0.43465012311935425
0.4205095171928406
0.46159204840660095
0.4039379060268402
0.43618065118789673
0.3822177052497864
0.47968801856040955
0.3911827802658081
0.4414117634296417
0.4655974805355072
0.4874662458896637
0.4093237817287445
0.48899030685424805
0.42058879137039185
0.35828545689582825
0.28721481561660767
0.3711521625518799
0.34833547472953796
0.3540935218334198
0.5552710294723511
0.5417957901954651
0.49463245272636414
0.5026954412460327
0.4442533850669861
0.5320095419883728
0.49641966819763184
0.5044205784797668
0.44724225997924805
0.3552567660808563
0.3490893840789795
0.3363824486732483
0.34159043431282043
0.3436312675476074
0.33394917845726013
0.3833698630332947
0.4019607603549957
0.34961649775505066
0.4254951775074005
0.37220922112464905
0.3794531226158142
0.3936751186847687
0.3480493128299713
0.33817583322525024
0.3116016983985901
0.22591599822044373
0.11634006351232529
0.09215611219406128
0.029764534905552864
0.059578172862529755
0.07734166085720062
0.11993072926998138
0.04303605109453201
0.04362921416759491
0.01697305403649807
0.07294429838657379
0.021362081170082092
0.013876337558031082
-0.04570603370666504
-0.033225201070308685
-0.07575300335884094
0.010386688634753227
0.03335211053490639
0.08969657868146896
0.06786121428012848
0.016943616792559624
-0.08711475133895874
-0.06443909555673599
-0.0647357776761055
-0.05500292032957077
-0.06186036765575409
0.005787006579339504
0.07053302973508835
0.11510019749403
0.11614307761192322
0.14696761965751648
0.16832081973552704
0.2141391634941101
0.22028464078903198
0.21233753859996796
0.1353502869606018
0.10716026276350021
0.07146921008825302
0.10917709767818451
0.03384231775999069
0.0032259346917271614
-0.02033037506043911
-0.019985448569059372
-0.04614485800266266
0.02011658251285553
0.018097495660185814
0.17641127109527588
0.19328290224075317
0.1904061734676361
0.3174689710140228
0.25459232926368713
0.2443118840456009
0.3882898688316345
0.3588888943195343
0.43465012311935425
0.4205095171928406
0.46159204840660095
0.4039379060268402
0.43618065118789673
0.3822177052497864
0.47968801856040955
0.3911827802658081
0.4414117634296417
0.4655974805355072
0.4874662458896637
0.4093237817287445
0.48899030685424805
0.42058879137039185
0.35828545689582825
0.28721481561660767
0.3711521625518799
0.34833547472953796
0.3540935218334198
0.5552710294723511
0.5417957901954651
0.49463245272636414
0.5026954412460327
0.4442533850669861
0.5320095419883728
0.49641966819763184
0.5044205784797668
0.44724225997924805
0.3552567660808563
0.3490893840789795
0.3363824486732483
0.34159043431282043
0.3436312675476074
0.33394917845726013
0.3833698630332947
0.4019607603549957
0.34961649775505066
0.4254951775074005
0.37220922112464905
0.3794531226158142
0.3936751186847687
0.3480493128299713
0.33817583322525024
0.3116016983985901
0.22591599822044373
0.11634006351232529
0.09215611219406128
0.029764534905552864
0.059578172862529755
0.07734166085720062
0.11993072926998138
0.04303605109453201
0.04362921416759491
0.01697305403649807
0.07294429838657379
0.021362081170082092
0.013876337558031082
-0.04570603370666504
-0.033225201070308685
-0.07575300335884094
0.010386688634753227
0.03335211053490639
0.08969657868146896
0.06786121428012848
0.016943616792559624
-0.08711475133895874
-0.06443909555673599
-0.0647357776761055
-0.05500292032957077
-0.06186036765575409
0.005787006579339504
0.07053302973508835
0.11510019749403
0.11614307761192322
0.14696761965751648
0.16832081973552704
0.2141391634941101
0.22028464078903198
0.21233753859996796
0.1353502869606018
0.10716026276350021
0.07146921008825302
0.10917709767818451
0.03384231775999069
0.0032259346917271614
-0.02033037506043911
-0.019985448569059372
-0.04614485800266266
0.02011658251285553
0.018097495660185814
0.17641127109527588
0.19328290224075317
0.18733647465705872
0.3123229742050171
0.2475023716688156
0.23767106235027313
0.3882898688316345
0.3588888943195343
0.43465012311935425
0.4205095171928406
0.46159204840660095
0.4039379060268402
0.43618065118789673
0.3822177052497864
0.47968801856040955
0.3911827802658081
0.4414117634296417
0.4655974805355072
0.4874662458896637
0.4093237817287445
0.48899030685424805
0.42058879137039185
0.35828545689582825
0.28721481561660767
0.3711521625518799
0.34833547472953796
0.3540935218334198
0.5552710294723511
0.5417957901954651
0.49463245272636414
0.5026954412460327
0.4442533850669861
0.5320095419883728
0.49641966819763184
0.5044205784797668
0.44724225997924805
0.3552567660808563
0.3490893840789795
0.3363824486732483
0.34159043431282043
0.3436312675476074
0.33394917845726013
0.3833698630332947
0.4019607603549957
0.34961649775505066
0.4254951775074005
0.37220922112464905
0.3794531226158142
0.3936751186847687
0.3480493128299713
0.33817583322525024
0.3116016983985901
0.22591599822044373
0.11634006351232529
0.09215611219406128
0.029764534905552864
0.059578172862529755
0.07734166085720062
0.11993072926998138
0.04303605109453201
0.04362921416759491
0.01697305403649807
0.07294429838657379
0.021362081170082092
0.013876337558031082
-0.04570603370666504
-0.033225201070308685
-0.07575300335884094
0.010386688634753227
0.03335211053490639
0.08969657868146896
0.06786121428012848
0.016943616792559624
-0.08711475133895874
-0.06443909555673599
-0.0647357776761055
-0.05500292032957077
-0.06186036765575409
0.005787006579339504
0.07053302973508835
0.11510019749403
0.11614307761192322
0.14696761965751648
0.16832081973552704
0.2141391634941101
0.22028464078903198
0.21233753859996796
0.1353502869606018
0.10716026276350021
0.07146921008825302
0.10917709767818451
0.03384231775999069
0.0032259346917271614
-0.02033037506043911
-0.019985448569059372
-0.04614485800266266
0.02011658251285553
0.018097495660185814
0.17641127109527588
0.19328290224075317
0.18317079544067383
0.3150128424167633
0.24337559938430786
0.23343263566493988
0.3882898688316345
0.3588888943195343
0.43465012311935425
0.4205095171928406
0.46159204840660095
0.4039379060268402
0.43618065118789673
0.3822177052497864
0.47968801856040955
0.3911827802658081
0.4414117634296417
0.4655974805355072
0.4874662458896637
0.4093237817287445
0.48899030685424805
0.42058879137039185
0.35828545689582825
0.28721481561660767
0.3711521625518799
0.34833547472953796
0.3540935218334198
0.5552710294723511
0.5417957901954651
0.49463245272636414
0.5026954412460327
0.4442533850669861
0.5320095419883728
0.49641966819763184
0.5044205784797668
0.44724225997924805
0.3552567660808563
0.3490893840789795
0.3363824486732483
0.34159043431282043
0.3436312675476074
0.33394917845726013
0.3833698630332947
0.4019607603549957
0.34961649775505066
0.4254951775074005
0.37220922112464905
0.3794531226158142
0.3936751186847687
0.3480493128299713
0.33817583322525024
0.3116016983985901
0.22591599822044373
0.11634006351232529
0.09215611219406128
0.029764534905552864
0.059578172862529755
0.07734166085720062
0.11993072926998138
0.04303605109453201
0.04362921416759491
0.01697305403649807
0.07294429838657379
0.021362081170082092
0.013876337558031082
-0.04570603370666504
-0.033225201070308685
-0.07575300335884094
0.010386688634753227
0.03335211053490639
0.08969657868146896
0.06786121428012848
0.016943616792559624
-0.08711475133895874
-0.06443909555673599
-0.0647357776761055
-0.05500292032957077
-0.06186036765575409
0.005787006579339504
0.07053302973508835
0.11510019749403
0.11614307761192322
0.14696761965751648
0.16832081973552704
0.2141391634941101
0.22028464078903198
0.21233753859996796
0.1353502869606018
0.10716026276350021
0.07146921008825302
0.10917709767818451
0.03384231775999069
0.0032259346917271614
-0.02033037506043911
-0.019985448569059372
-0.04614485800266266
0.02011658251285553
0.018097495660185814
0.17641127109527588
0.19328290224075317
0.18864594399929047
0.31566786766052246
0.2609781324863434
0.245897576212883
0.3882898688316345
0.3588888943195343
0.43465012311935425
0.4205095171928406
0.46159204840660095
0.4039379060268402
0.43618065118789673
0.3822177052497864
0.47968801856040955
0.3911827802658081
0.4414117634296417
0.4655974805355072
0.4874662458896637
0.4093237817287445
0.48899030685424805
0.42058879137039185
0.35828545689582825
0.28721481561660767
0.3711521625518799
0.34833547472953796
0.3540935218334198
0.5552710294723511
0.5417957901954651
0.49463245272636414
0.5026954412460327
0.4442533850669861
0.5320095419883728
0.49641966819763184
0.5044205784797668
0.44724225997924805
0.3552567660808563
0.3490893840789795
0.3363824486732483
0.34159043431282043
0.3436312675476074
0.33394917845726013
0.3833698630332947
0.4019607603549957
0.34961649775505066
0.4254951775074005
0.37220922112464905
0.3794531226158142
0.3936751186847687
0.3480493128299713
0.33817583322525024
0.3116016983985901
0.22591599822044373
0.11634006351232529
0.09215611219406128
0.029764534905552864
0.059578172862529755
0.07734166085720062
0.11993072926998138
0.04303605109453201
0.04362921416759491
0.01697305403649807
0.07294429838657379
0.021362081170082092
0.013876337558031082
-0.04570603370666504
-0.033225201070308685
-0.07575300335884094
0.010386688634753227
0.03335211053490639
0.08969657868146896
0.06786121428012848
0.016943616792559624
-0.08711475133895874
-0.06443909555673599
-0.0647357776761055
-0.05500292032957077
-0.06186036765575409
0.005787006579339504
0.07053302973508835
0.11510019749403
0.11614307761192322
0.14696761965751648
0.16832081973552704
0.2141391634941101
0.22028464078903198
0.21233753859996796
0.1353502869606018
0.10716026276350021
0.07146921008825302
0.10917709767818451
0.03384231775999069
0.0032259346917271614
-0.02033037506043911
-0.019985448569059372
-0.04614485800266266
0.02011658251285553
0.018097495660185814
0.17641127109527588
0.19328290224075317
0.1904061734676361
0.3174689710140228
0.25459232926368713
0.2443118840456009
0.3882898688316345
0.3588888943195343
0.43465012311935425
0.4205095171928406
0.46159204840660095
0.4039379060268402
0.43618065118789673
0.3822177052497864
0.47968801856040955
0.3911827802658081
0.4414117634296417
0.4655974805355072
0.4874662458896637
0.4093237817287445
0.48899030685424805
0.42058879137039185
0.35828545689582825
0.28721481561660767
0.3711521625518799
0.34833547472953796
0.3540935218334198
0.5552710294723511
0.5417957901954651
0.49463245272636414
0.5026954412460327
0.4442533850669861
0.5320095419883728
0.49641966819763184
0.5044205784797668
0.44724225997924805
0.3552567660808563
0.3490893840789795
0.3363824486732483
0.34159043431282043
0.3436312675476074
0.33394917845726013
0.3833698630332947
0.4019607603549957
0.34961649775505066
0.4254951775074005
0.37220922112464905
0.3794531226158142
0.3936751186847687
0.3480493128299713
0.33817583322525024
0.3116016983985901
0.22591599822044373
0.11634006351232529
0.09215611219406128
0.029764534905552864
0.059578172862529755
0.07734166085720062
0.11993072926998138
0.04303605109453201
0.04362921416759491
0.01697305403649807
0.07294429838657379
0.021362081170082092
0.013876337558031082
-0.04570603370666504
-0.033225201070308685
-0.07575300335884094
0.010386688634753227
0.03335211053490639
0.08969657868146896
0.06786121428012848
0.016943616792559624
-0.08711475133895874
-0.06443909555673599
-0.0647357776761055
-0.05500292032957077
-0.06186036765575409
0.005787006579339504
0.07053302973508835
0.11510019749403
0.11614307761192322
0.14696761965751648
0.16832081973552704
0.2141391634941101
0.22028464078903198
0.21233753859996796
0.1353502869606018
0.10716026276350021
0.07146921008825302
0.10917709767818451
0.03384231775999069
0.0032259346917271614
-0.02033037506043911
-0.019985448569059372
-0.04614485800266266
0.02011658251285553
0.018097495660185814
0.17641127109527588
0.19328290224075317
0.19009551405906677
0.317789226770401
0.255111962556839
0.24364116787910461
0.3882898688316345
0.3588888943195343
0.43465012311935425
0.4205095171928406
0.46159204840660095
0.4039379060268402
0.43618065118789673
0.3822177052497864
0.47968801856040955
0.3911827802658081
0.4414117634296417
0.4655974805355072
0.4874662458896637
0.4093237817287445
0.48899030685424805
0.42058879137039185
0.35828545689582825
0.28721481561660767
0.3711521625518799
0.34833547472953796
0.3540935218334198
0.5552710294723511
0.5417957901954651
0.49463245272636414
0.5026954412460327
0.4442533850669861
0.5320095419883728
0.49641966819763184
0.5044205784797668
0.44724225997924805
0.3552567660808563
0.3490893840789795
0.3363824486732483
0.34159043431282043
0.3436312675476074
0.33394917845726013
0.3833698630332947
0.4019607603549957
0.34961649775505066
0.4254951775074005
0.37220922112464905
0.3794531226158142
0.3936751186847687
0.3480493128299713
0.33817583322525024
0.3116016983985901
0.22591599822044373
0.11634006351232529
0.09215611219406128
0.029764534905552864
0.059578172862529755
0.07734166085720062
0.11993072926998138
0.04303605109453201
0.04362921416759491
0.01697305403649807
0.07294429838657379
0.021362081170082092
0.013876337558031082
-0.04570603370666504
-0.033225201070308685
-0.07575300335884094
0.010386688634753227
0.03335211053490639
0.08969657868146896
0.06786121428012848
0.016943616792559624
-0.08711475133895874
-0.06443909555673599
-0.0647357776761055
-0.05500292032957077
-0.06186036765575409
0.005787006579339504
0.07053302973508835
0.11510019749403
0.11614307761192322
0.14696761965751648
0.16832081973552704
0.2141391634941101
0.22028464078903198
0.21233753859996796
0.1353502869606018
0.10716026276350021
0.07146921008825302
0.10917709767818451
0.03384231775999069
0.0032259346917271614
-0.02033037506043911
-0.019985448569059372
-0.04614485800266266
0.02011658251285553
0.018097495660185814
0.17641127109527588
0.19328290224075317
0.1904061734676361
0.3174689710140228
0.25459232926368713
0.2443118840456009
0.3882898688316345
0.3588888943195343
0.43465012311935425
0.4205095171928406
0.46159204840660095
0.4039379060268402
0.43618065118789673
0.3822177052497864
0.47968801856040955
0.3911827802658081
0.4414117634296417
0.4655974805355072
0.4874662458896637
0.4093237817287445
0.48899030685424805
0.42058879137039185
0.35828545689582825
0.28721481561660767
0.3711521625518799
0.34833547472953796
0.3540935218334198
0.5552710294723511
0.5417957901954651
0.49463245272636414
0.5026954412460327
0.4442533850669861
0.5320095419883728
0.49641966819763184
0.5044205784797668
0.44724225997924805
0.3552567660808563
0.3490893840789795
0.3363824486732483
0.34159043431282043
0.3436312675476074
0.33394917845726013
0.3833698630332947
0.4019607603549957
0.34961649775505066
0.4254951775074005
0.37220922112464905
0.3794531226158142
0.3936751186847687
0.3480493128299713
0.33817583322525024
0.3116016983985901
0.22591599822044373
0.11634006351232529
0.09215611219406128
0.029764534905552864
0.059578172862529755
0.07734166085720062
0.11993072926998138
0.04303605109453201
0.04362921416759491
0.01697305403649807
0.07294429838657379
0.021362081170082092
0.013876337558031082
-0.04570603370666504
-0.033225201070308685
-0.07575300335884094
0.010386688634753227
0.03335211053490639
0.08969657868146896
0.06786121428012848
0.016943616792559624
-0.08711475133895874
-0.06443909555673599
-0.0647357776761055
-0.05500292032957077
-0.06186036765575409
0.005787006579339504
0.07053302973508835
0.11510019749403
0.11614307761192322
0.14696761965751648
0.16832081973552704
0.2141391634941101
0.22028464078903198
0.21233753859996796
0.1353502869606018
0.10716026276350021
0.07146921008825302
0.10917709767818451
0.03384231775999069
0.0032259346917271614
-0.02033037506043911
-0.019985448569059372
-0.04614485800266266
0.02011658251285553
0.018097495660185814
0.17641127109527588
0.19328290224075317
0.1836172640323639
0.3130335509777069
0.25487226247787476
0.25378498435020447
0.3882898688316345
0.3588888943195343
0.43465012311935425
0.4205095171928406
0.46159204840660095
0.4039379060268402
0.43618065118789673
0.3822177052497864
0.47968801856040955
0.3911827802658081
0.4414117634296417
0.4655974805355072
0.4874662458896637
0.4093237817287445
0.48899030685424805
0.42058879137039185
0.35828545689582825
0.28721481561660767
0.3711521625518799
0.34833547472953796
0.3540935218334198
0.5552710294723511
0.5417957901954651
0.49463245272636414
0.5026954412460327
0.4442533850669861
0.5320095419883728
0.49641966819763184
0.5044205784797668
0.44724225997924805
0.3552567660808563
0.3490893840789795
0.3363824486732483
0.34159043431282043
0.3436312675476074
0.33394917845726013
0.3833698630332947
0.4019607603549957
0.34961649775505066
0.4254951775074005
0.37220922112464905
0.3794531226158142
0.3936751186847687
0.3480493128299713
0.33817583322525024
0.3116016983985901
0.22591599822044373
0.11634006351232529
0.09215611219406128
0.029764534905552864
0.059578172862529755
0.07734166085720062
0.11993072926998138
0.04303605109453201
0.04362921416759491
0.01697305403649807
0.07294429838657379
0.021362081170082092
0.013876337558031082
-0.04570603370666504
-0.033225201070308685
-0.07575300335884094
0.010386688634753227
0.03335211053490639
0.08969657868146896
0.06786121428012848
0.016943616792559624
-0.08711475133895874
-0.06443909555673599
-0.0647357776761055
-0.05500292032957077
-0.06186036765575409
0.005787006579339504
0.07053302973508835
0.11510019749403
0.11614307761192322
0.14696761965751648
0.16832081973552704
0.2141391634941101
0.22028464078903198
0.21233753859996796
0.1353502869606018
0.10716026276350021
0.07146921008825302
0.10917709767818451
0.03384231775999069
0.0032259346917271614
-0.02033037506043911
-0.019985448569059372
-0.04614485800266266
0.02011658251285553
0.018097495660185814
0.17641127109527588
0.19328290224075317
0.18958847224712372
0.3141031563282013
0.25063470005989075
0.23881025612354279
0.3882898688316345
0.3588888943195343
0.43465012311935425
0.4205095171928406
0.46159204840660095
0.4039379060268402
0.43618065118789673
0.3822177052497864
0.47968801856040955
0.3911827802658081
0.4414117634296417
0.4655974805355072
0.4874662458896637
0.4093237817287445
0.48899030685424805
0.42058879137039185
0.35828545689582825
0.28721481561660767
0.3711521625518799
0.34833547472953796
0.3540935218334198
0.5552710294723511
0.5417957901954651
0.49463245272636414
0.5026954412460327
0.4442533850669861
0.5320095419883728
0.49641966819763184
0.5044205784797668
0.44724225997924805
0.3552567660808563
0.3490893840789795
0.3363824486732483
0.34159043431282043
0.3436312675476074
0.33394917845726013
0.3833698630332947
0.4019607603549957
0.34961649775505066
0.4254951775074005
0.37220922112464905
0.3794531226158142
0.3936751186847687
0.3480493128299713
0.33817583322525024
0.3116016983985901
0.22591599822044373
0.11634006351232529
0.09215611219406128
0.029764534905552864
0.059578172862529755
0.07734166085720062
0.11993072926998138
0.04303605109453201
0.04362921416759491
0.01697305403649807
0.07294429838657379
0.021362081170082092
0.013876337558031082
-0.04570603370666504
-0.033225201070308685
-0.07575300335884094
0.010386688634753227
0.03335211053490639
0.08969657868146896
0.06786121428012848
0.016943616792559624
-0.08711475133895874
-0.06443909555673599
-0.0647357776761055
-0.05500292032957077
-0.06186036765575409
0.005787006579339504
0.07053302973508835
0.11510019749403
0.11614307761192322
0.14696761965751648
0.16832081973552704
0.2141391634941101
0.22028464078903198
0.21233753859996796
0.1353502869606018
0.10716026276350021
0.07146921008825302
0.10917709767818451
0.03384231775999069
0.0032259346917271614
-0.02033037506043911
-0.019985448569059372
-0.04614485800266266
0.02011658251285553
0.018097495660185814
0.17641127109527588
0.19328290224075317
0.1971534937620163
0.3337835669517517
0.26618868112564087
0.24564871191978455
0.3882898688316345
0.3588888943195343
0.43465012311935425
0.4205095171928406
0.46159204840660095
0.4039379060268402
0.43618065118789673
0.3822177052497864
0.47968801856040955
0.3911827802658081
0.4414117634296417
0.4655974805355072
0.4874662458896637
0.4093237817287445
0.48899030685424805
0.42058879137039185
0.35828545689582825
0.28721481561660767
0.3711521625518799
0.34833547472953796
0.3540935218334198
0.5552710294723511
0.5417957901954651
0.49463245272636414
0.5026954412460327
0.4442533850669861
0.5320095419883728
0.49641966819763184
0.5044205784797668
0.44724225997924805
0.3552567660808563
0.3490893840789795
0.3363824486732483
0.34159043431282043
0.3436312675476074
0.33394917845726013
0.3833698630332947
0.4019607603549957
0.34961649775505066
0.4254951775074005
0.37220922112464905
0.3794531226158142
0.3936751186847687
0.3480493128299713
0.33817583322525024
0.3116016983985901
0.22591599822044373
0.11634006351232529
0.09215611219406128
0.029764534905552864
0.059578172862529755
0.07734166085720062
0.11993072926998138
0.04303605109453201
0.04362921416759491
0.01697305403649807
0.07294429838657379
0.021362081170082092
0.013876337558031082
-0.04570603370666504
-0.033225201070308685
-0.07575300335884094
0.010386688634753227
0.03335211053490639
0.08969657868146896
0.06786121428012848
0.016943616792559624
-0.08711475133895874
-0.06443909555673599
-0.0647357776761055
-0.05500292032957077
-0.06186036765575409
0.005787006579339504
0.07053302973508835
0.11510019749403
0.11614307761192322
0.14696761965751648
0.16832081973552704
0.2141391634941101
0.22028464078903198
0.21233753859996796
0.1353502869606018
0.10716026276350021
0.07146921008825302
0.10917709767818451
0.03384231775999069
0.0032259346917271614
-0.02033037506043911
-0.019985448569059372
-0.04614485800266266
0.02011658251285553
0.018097495660185814
0.17641127109527588
0.19328290224075317
0.18736854195594788
0.3127443790435791
0.2584086060523987
0.24399173259735107
0.3882898688316345
0.3588888943195343
0.43465012311935425
0.4205095171928406
0.46159204840660095
0.4039379060268402
0.43618065118789673
0.3822177052497864
0.47968801856040955
0.3911827802658081
0.4414117634296417
0.4655974805355072
0.4874662458896637
0.4093237817287445
0.48899030685424805
0.42058879137039185
0.35828545689582825
0.28721481561660767
0.3711521625518799
0.34833547472953796
0.3540935218334198
0.5552710294723511
0.5417957901954651
0.49463245272636414
0.5026954412460327
0.4442533850669861
0.5320095419883728
0.49641966819763184
0.5044205784797668
0.44724225997924805
0.3552567660808563
0.3490893840789795
0.3363824486732483
0.34159043431282043
0.3436312675476074
0.33394917845726013
0.3833698630332947
0.4019607603549957
0.34961649775505066
0.4254951775074005
0.37220922112464905
0.3794531226158142
0.3936751186847687
0.3480493128299713
0.33817583322525024
0.3116016983985901
0.22591599822044373
0.11634006351232529
0.09215611219406128
0.029764534905552864
0.059578172862529755
0.07734166085720062
0.11993072926998138
0.04303605109453201
0.04362921416759491
0.01697305403649807
0.07294429838657379
0.021362081170082092
0.013876337558031082
-0.04570603370666504
-0.033225201070308685
-0.07575300335884094
0.010386688634753227
0.03335211053490639
0.08969657868146896
0.06786121428012848
0.016943616792559624
-0.08711475133895874
-0.06443909555673599
-0.0647357776761055
-0.05500292032957077
-0.06186036765575409
0.005787006579339504
0.07053302973508835
0.11510019749403
0.11614307761192322
0.14696761965751648
0.16832081973552704
0.2141391634941101
0.22028464078903198
0.21233753859996796
0.1353502869606018
0.10716026276350021
0.07146921008825302
0.10917709767818451
0.03384231775999069
0.0032259346917271614
-0.02033037506043911
-0.019985448569059372
-0.04614485800266266
0.02011658251285553
0.018097495660185814
0.17641127109527588
0.19328290224075317
0.18875150382518768
0.32206934690475464
0.24986222386360168
0.24337153136730194
0.3882898688316345
0.3588888943195343
0.43465012311935425
0.4205095171928406
0.46159204840660095
0.4039379060268402
0.43618065118789673
0.3822177052497864
0.47968801856040955
0.3911827802658081
0.4414117634296417
0.4655974805355072
0.4874662458896637
0.4093237817287445
0.48899030685424805
0.42058879137039185
0.35828545689582825
0.28721481561660767
0.3711521625518799
0.34833547472953796
0.3540935218334198
0.5552710294723511
0.5417957901954651
0.49463245272636414
0.5026954412460327
0.4442533850669861
0.5320095419883728
0.49641966819763184
0.5044205784797668
0.44724225997924805
0.3552567660808563
0.3490893840789795
0.3363824486732483
0.34159043431282043
0.3436312675476074
0.33394917845726013
0.3833698630332947
0.4019607603549957
0.34961649775505066
0.4254951775074005
0.37220922112464905
0.3794531226158142
0.3936751186847687
0.3480493128299713
0.33817583322525024
0.3116016983985901
0.22591599822044373
0.11634006351232529
0.09215611219406128
0.029764534905552864
0.059578172862529755
0.07734166085720062
0.11993072926998138
0.04303605109453201
0.04362921416759491
0.01697305403649807
0.07294429838657379
0.021362081170082092
0.013876337558031082
-0.04570603370666504
-0.033225201070308685
-0.07575300335884094
0.010386688634753227
0.03335211053490639
0.08969657868146896
0.06786121428012848
0.016943616792559624
-0.08711475133895874
-0.06443909555673599
-0.0647357776761055
-0.05500292032957077
-0.06186036765575409
0.005787006579339504
0.07053302973508835
0.11510019749403
0.11614307761192322
0.14696761965751648
0.16832081973552704
0.2141391634941101
0.22028464078903198
0.21233753859996796
0.1353502869606018
0.10716026276350021
0.07146921008825302
0.10917709767818451
0.03384231775999069
0.0032259346917271614
-0.02033037506043911
-0.019985448569059372
-0.04614485800266266
0.02011658251285553
0.018097495660185814
0.17641127109527588
0.19328290224075317
0.18972426652908325
0.31812795996665955
0.25320205092430115
0.24342943727970123
0.3882898688316345
0.3588888943195343
0.43465012311935425
0.4205095171928406
0.46159204840660095
0.4039379060268402
0.43618065118789673
0.3822177052497864
0.47968801856040955
0.3911827802658081
0.4414117634296417
0.4655974805355072
0.4874662458896637
0.4093237817287445
0.48899030685424805
0.42058879137039185
0.35828545689582825
0.28721481561660767
0.3711521625518799
0.34833547472953796
0.3540935218334198
0.5552710294723511
0.5417957901954651
0.49463245272636414
0.5026954412460327
0.4442533850669861
0.5320095419883728
0.49641966819763184
0.5044205784797668
0.44724225997924805
0.3552567660808563
0.3490893840789795
0.3363824486732483
0.34159043431282043
0.3436312675476074
0.33394917845726013
0.3833698630332947
0.4019607603549957
0.34961649775505066
0.4254951775074005
0.37220922112464905
0.3794531226158142
0.3936751186847687
0.3480493128299713
0.33817583322525024
0.3116016983985901
0.22591599822044373
0.11634006351232529
0.09215611219406128
0.029764534905552864
0.059578172862529755
0.07734166085720062
0.11993072926998138
0.04303605109453201
0.04362921416759491
0.01697305403649807
0.07294429838657379
0.021362081170082092
0.013876337558031082
-0.04570603370666504
-0.033225201070308685
-0.07575300335884094
0.010386688634753227
0.03335211053490639
0.08969657868146896
0.06786121428012848
0.016943616792559624
-0.08711475133895874
-0.06443909555673599
-0.0647357776761055
-0.05500292032957077
-0.06186036765575409
0.005787006579339504
0.07053302973508835
0.11510019749403
0.11614307761192322
0.14696761965751648
0.16832081973552704
0.2141391634941101
0.22028464078903198
0.21233753859996796
0.1353502869606018
0.10716026276350021
0.07146921008825302
0.10917709767818451
0.03384231775999069
0.0032259346917271614
-0.02033037506043911
-0.019985448569059372
-0.04614485800266266
0.02011658251285553
0.018097495660185814
0.17641127109527588
0.19328290224075317
0.1904061734676361
0.3174689710140228
0.25459232926368713
0.2443118840456009
0.3882898688316345
0.3588888943195343
0.43465012311935425
0.4205095171928406
0.46159204840660095
0.4039379060268402
0.43618065118789673
0.3822177052497864
0.47968801856040955
0.3911827802658081
0.4414117634296417
0.4655974805355072
0.4874662458896637
0.4093237817287445
0.48899030685424805
0.42058879137039185
0.35828545689582825
0.28721481561660767
0.3711521625518799
0.34833547472953796
0.3540935218334198
0.5552710294723511
0.5417957901954651
0.49463245272636414
0.5026954412460327
0.4442533850669861
0.5320095419883728
0.49641966819763184
0.5044205784797668
0.44724225997924805
0.3552567660808563
0.3490893840789795
0.3363824486732483
0.34159043431282043
0.3436312675476074
0.33394917845726013
0.3833698630332947
0.4019607603549957
0.34961649775505066
0.4254951775074005
0.37220922112464905
0.3794531226158142
0.3936751186847687
0.3480493128299713
0.33817583322525024
0.3116016983985901
0.22591599822044373
0.11634006351232529
0.09215611219406128
0.029764534905552864
0.059578172862529755
0.07734166085720062
0.11993072926998138
0.04303605109453201
0.04362921416759491
0.01697305403649807
0.07294429838657379
0.021362081170082092
0.013876337558031082
-0.04570603370666504
-0.033225201070308685
-0.07575300335884094
0.010386688634753227
0.03335211053490639
0.08969657868146896
0.06786121428012848
0.016943616792559624
-0.08711475133895874
-0.06443909555673599
-0.0647357776761055
-0.05500292032957077
-0.06186036765575409
0.005787006579339504
0.07053302973508835
0.11510019749403
0.11614307761192322
0.14696761965751648
0.16832081973552704
0.2141391634941101
0.22028464078903198
0.21233753859996796
0.1353502869606018
0.10716026276350021
0.07146921008825302
0.10917709767818451
0.03384231775999069
0.0032259346917271614
-0.02033037506043911
-0.019985448569059372
-0.04614485800266266
0.02011658251285553
0.018097495660185814
0.17641127109527588
0.19328290224075317
0.196254163980484
0.331975519657135
0.27003562450408936
0.2519887387752533
0.3882898688316345
0.3588888943195343
0.43465012311935425
0.4205095171928406
0.46159204840660095
0.4039379060268402
0.43618065118789673
0.3822177052497864
0.47968801856040955
0.3911827802658081
0.4414117634296417
0.4655974805355072
0.4874662458896637
0.4093237817287445
0.48899030685424805
0.42058879137039185
0.35828545689582825
0.28721481561660767
0.3711521625518799
0.34833547472953796
0.3540935218334198
0.5552710294723511
0.5417957901954651
0.49463245272636414
0.5026954412460327
0.4442533850669861
0.5320095419883728
0.49641966819763184
0.5044205784797668
0.44724225997924805
0.3552567660808563
0.3490893840789795
0.3363824486732483
0.34159043431282043
0.3436312675476074
0.33394917845726013
0.3833698630332947
0.4019607603549957
0.34961649775505066
0.4254951775074005
0.37220922112464905
0.3794531226158142
0.3936751186847687
0.3480493128299713
0.33817583322525024
0.3116016983985901
0.22591599822044373
0.11634006351232529
0.09215611219406128
0.029764534905552864
0.059578172862529755
0.07734166085720062
0.11993072926998138
0.04303605109453201
0.04362921416759491
0.01697305403649807
0.07294429838657379
0.021362081170082092
0.013876337558031082
-0.04570603370666504
-0.033225201070308685
-0.07575300335884094
0.010386688634753227
0.03335211053490639
0.08969657868146896
0.06786121428012848
0.016943616792559624
-0.08711475133895874
-0.06443909555673599
-0.0647357776761055
-0.05500292032957077
-0.06186036765575409
0.005787006579339504
0.07053302973508835
0.11510019749403
0.11614307761192322
0.14696761965751648
0.16832081973552704
0.2141391634941101
0.22028464078903198
0.21233753859996796
0.1353502869606018
0.10716026276350021
0.07146921008825302
0.10917709767818451
0.03384231775999069
0.0032259346917271614
-0.02033037506043911
-0.019985448569059372
-0.04614485800266266
0.02011658251285553
0.018097495660185814
0.17641127109527588
0.19328290224075317
0.1860736459493637
0.318482905626297
0.2641565501689911
0.2413593977689743
0.3882898688316345
0.3588888943195343
0.43465012311935425
0.4205095171928406
0.46159204840660095
0.4039379060268402
0.43618065118789673
0.3822177052497864
0.47968801856040955
0.3911827802658081
0.4414117634296417
0.4655974805355072
0.4874662458896637
0.4093237817287445
0.48899030685424805
0.42058879137039185
0.35828545689582825
0.28721481561660767
0.3711521625518799
0.34833547472953796
0.3540935218334198
0.5552710294723511
0.5417957901954651
0.49463245272636414
0.5026954412460327
0.4442533850669861
0.5320095419883728
0.49641966819763184
0.5044205784797668
0.44724225997924805
0.3552567660808563
0.3490893840789795
0.3363824486732483
0.34159043431282043
0.3436312675476074
0.33394917845726013
0.3833698630332947
0.4019607603549957
0.34961649775505066
0.4254951775074005
0.37220922112464905
0.3794531226158142
0.3936751186847687
0.3480493128299713
0.33817583322525024
0.3116016983985901
0.22591599822044373
0.11634006351232529
0.09215611219406128
0.029764534905552864
0.059578172862529755
0.07734166085720062
0.11993072926998138
0.04303605109453201
0.04362921416759491
0.01697305403649807
0.07294429838657379
0.021362081170082092
0.013876337558031082
-0.04570603370666504
-0.033225201070308685
-0.07575300335884094
0.010386688634753227
0.03335211053490639
0.08969657868146896
0.06786121428012848
0.016943616792559624
-0.08711475133895874
-0.06443909555673599
-0.0647357776761055
-0.05500292032957077
-0.06186036765575409
0.005787006579339504
0.07053302973508835
0.11510019749403
0.11614307761192322
0.14696761965751648
0.16832081973552704
0.2141391634941101
0.22028464078903198
0.21233753859996796
0.1353502869606018
0.10716026276350021
0.07146921008825302
0.10917709767818451
0.03384231775999069
0.0032259346917271614
-0.02033037506043911
-0.019985448569059372
-0.04614485800266266
0.02011658251285553
0.018097495660185814
0.17641127109527588
0.19328290224075317
0.18833686411380768
0.3249777555465698
0.255519837141037
0.24447351694107056
0.3882898688316345
0.3588888943195343
0.43465012311935425
0.4205095171928406
0.46159204840660095
0.4039379060268402
0.43618065118789673
0.3822177052497864
0.47968801856040955
0.3911827802658081
0.4414117634296417
0.4655974805355072
0.4874662458896637
0.4093237817287445
0.48899030685424805
0.42058879137039185
0.35828545689582825
0.28721481561660767
0.3711521625518799
0.34833547472953796
0.3540935218334198
0.5552710294723511
0.5417957901954651
0.49463245272636414
0.5026954412460327
0.4442533850669861
0.5320095419883728
0.49641966819763184
0.5044205784797668
0.44724225997924805
0.3552567660808563
0.3490893840789795
0.3363824486732483
0.34159043431282043
0.3436312675476074
0.33394917845726013
0.3833698630332947
0.4019607603549957
0.4254133999347687
0.40955013036727905
0.40053126215934753
0.38942021131515503
0.38359230756759644
0.4095042645931244
0.4912174344062805
0.5052396059036255
0.5716658234596252
0.6240142583847046
0.7264870405197144
0.7819393873214722
0.8022489547729492
0.80596524477005
0.8037719130516052
0.8133899569511414
0.8512619137763977
0.8465215563774109
0.8383153080940247
0.7900875210762024
0.7094250321388245
0.6587892174720764
0.6707746386528015
0.6507304906845093
0.6500571966171265
0.6246663928031921
0.5848363041877747
0.5782082676887512
0.6228306293487549
0.669854998588562
0.7453377842903137
0.7735174894332886
0.8033328056335449
0.8457841873168945
0.8633192181587219
0.8338519930839539
0.862742006778717
0.967052161693573
1.0599931478500366
1.0408891439437866
1.05559241771698
1.0662494897842407
1.0610429048538208
0.9950417280197144
0.938736081123352
0.9243102669715881
0.8566402792930603
0.8313322067260742
0.8099594116210938
0.9299386143684387
0.8325256705284119
0.8059216141700745
0.6653316020965576
0.6143723726272583
0.5737977027893066
0.6083727478981018
0.5415540933609009
0.5101568698883057
0.5633935332298279
0.618363618850708
0.6750964522361755
0.6802396178245544
0.5071955919265747
0.41540926694869995
0.38942021131515503
0.38359230756759644
0.4095042645931244
0.4912174344062805
0.5052396059036255
0.5716658234596252
0.6240142583847046
0.7264870405197144
0.7819393873214722
0.8022489547729492
0.80596524477005
0.8037719130516052
0.8133899569511414
0.8512619137763977
0.8465215563774109
0.8383153080940247
0.7900875210762024
0.7094250321388245
0.6587892174720764
0.6707746386528015
0.6507304906845093
0.6500571966171265
0.6246663928031921
0.5848363041877747
0.5782082676887512
0.6228306293487549
0.669854998588562
0.7453377842903137
0.7735174894332886
0.8033328056335449
0.8457841873168945
0.8633192181587219
0.8338519930839539
0.862742006778717
0.967052161693573
1.0599931478500366
1.0408891439437866
1.05559241771698
1.0662494897842407
1.0610429048538208
0.9950417280197144
0.938736081123352
0.9243102669715881
0.8566402792930603
0.8313322067260742
0.8099594116210938
0.9299386143684387
0.8325256705284119
0.8059216141700745
0.6653316020965576
0.6143723726272583
0.5737977027893066
0.6083727478981018
0.5415540933609009
0.5101568698883057
0.5633935332298279
0.618363618850708
0.6750964522361755
0.6802396178245544
0.5071955919265747
0.41540926694869995
0.38942021131515503
0.38359230756759644
0.4095042645931244
0.4912174344062805
0.5052396059036255
0.5716658234596252
0.6240142583847046
0.7264870405197144
0.7819393873214722
0.8022489547729492
0.80596524477005
0.8037719130516052
0.8133899569511414
0.8512619137763977
0.8465215563774109
0.8383153080940247
0.7900875210762024
0.7094250321388245
0.6587892174720764
0.6707746386528015
0.6507304906845093
0.6500571966171265
0.6246663928031921
0.5848363041877747
0.5782082676887512
0.6228306293487549
0.669854998588562
0.7453377842903137
0.7735174894332886
0.8033328056335449
0.8457841873168945
0.8633192181587219
0.8338519930839539
0.862742006778717
0.967052161693573
1.0599931478500366
1.0408891439437866
1.05559241771698
1.0662494897842407
1.0610429048538208
0.9950417280197144
0.938736081123352
0.9243102669715881
0.8566402792930603
0.8313322067260742
0.8099594116210938
0.9299386143684387
0.8325256705284119
0.8059216141700745
0.6653316020965576
0.6143723726272583
0.5737977027893066
0.6083727478981018
0.5415540933609009
0.5101568698883057
0.5633935332298279
0.618363618850708
0.6750964522361755
0.6802396178245544
0.5071955919265747
0.41540926694869995
0.38942021131515503
0.38359230756759644
0.4095042645931244
0.4912174344062805
0.5052396059036255
0.5716658234596252
0.6240142583847046
0.7264870405197144
0.7819393873214722
0.8022489547729492
0.80596524477005
0.8037719130516052
0.8133899569511414
0.8512619137763977
0.8465215563774109
0.8383153080940247
0.7900875210762024
0.7094250321388245
0.6587892174720764
0.6707746386528015
0.6507304906845093
0.6500571966171265
0.6246663928031921
0.5848363041877747
0.5782082676887512
0.6228306293487549
0.669854998588562
0.7453377842903137
0.7735174894332886
0.8033328056335449
0.8457841873168945
0.8633192181587219
0.8338519930839539
0.862742006778717
0.967052161693573
1.0599931478500366
1.0408891439437866
1.05559241771698
1.0662494897842407
1.0610429048538208
0.9950417280197144
0.938736081123352
0.9243102669715881
0.8566402792930603
0.8313322067260742
0.8099594116210938
0.9299386143684387
0.8325256705284119
0.8059216141700745
0.6653316020965576
0.6143723726272583
0.5737977027893066
0.6083727478981018
0.5415540933609009
0.5101568698883057
0.5633935332298279
0.618363618850708
0.6750964522361755
0.6802396178245544
0.5071955919265747
0.41540926694869995
0.38942021131515503
0.38359230756759644
0.4095042645931244
0.4912174344062805
0.5052396059036255
0.5716658234596252
0.6240142583847046
0.7264870405197144
0.7819393873214722
0.8022489547729492
0.80596524477005
0.8037719130516052
0.8133899569511414
0.8512619137763977
0.8465215563774109
0.8383153080940247
0.7900875210762024
0.7094250321388245
0.6587892174720764
0.6707746386528015
0.6507304906845093
0.6500571966171265
0.6246663928031921
0.5848363041877747
0.5782082676887512
0.6228306293487549
0.669854998588562
0.7453377842903137
0.7735174894332886
0.8033328056335449
0.8457841873168945
0.8633192181587219
0.8338519930839539
0.862742006778717
0.967052161693573
1.0599931478500366
1.0408891439437866
1.05559241771698
1.0662494897842407
1.0610429048538208
0.9950417280197144
0.938736081123352
0.9243102669715881
0.8566402792930603
0.8313322067260742
0.8099594116210938
0.9299386143684387
0.8325256705284119
0.8059216141700745
0.6653316020965576
0.6143723726272583
0.5737977027893066
0.6083727478981018
0.5415540933609009
0.5101568698883057
0.5633935332298279
0.618363618850708
0.6750964522361755
0.6802396178245544
0.5071955919265747
0.41540926694869995
0.38942021131515503
0.38359230756759644
0.4095042645931244
0.4912174344062805
0.5052396059036255
0.5716658234596252
0.6240142583847046
0.7264870405197144
0.7819393873214722
0.8022489547729492
0.80596524477005
0.8037719130516052
0.8133899569511414
0.8512619137763977
0.8465215563774109
0.8383153080940247
0.7900875210762024
0.7094250321388245
0.6587892174720764
0.6707746386528015
0.6507304906845093
0.6500571966171265
0.6246663928031921
0.5848363041877747
0.5782082676887512
0.6228306293487549
0.669854998588562
0.7453377842903137
0.7735174894332886
0.8033328056335449
0.8457841873168945
0.8633192181587219
0.8338519930839539
0.862742006778717
0.967052161693573
1.0599931478500366
1.0408891439437866
1.05559241771698
1.0662494897842407
1.0610429048538208
0.9950417280197144
0.938736081123352
0.9243102669715881
0.8566402792930603
0.8313322067260742
0.8099594116210938
0.9299386143684387
0.8325256705284119
0.8059216141700745
0.6653316020965576
0.6143723726272583
0.5737977027893066
0.6083727478981018
0.5415540933609009
0.5101568698883057
0.5633935332298279
0.618363618850708
0.6750964522361755
0.6802396178245544
0.5071955919265747
0.41540926694869995
0.38942021131515503
0.38359230756759644
0.4095042645931244
0.4912174344062805
0.5052396059036255
0.5716658234596252
0.6240142583847046
0.7264870405197144
0.7819393873214722
0.8022489547729492
0.80596524477005
0.8037719130516052
0.8133899569511414
0.8512619137763977
0.8465215563774109
0.8383153080940247
0.7900875210762024
0.7094250321388245
0.6587892174720764
0.6707746386528015
0.6507304906845093
0.6500571966171265
0.6246663928031921
0.5848363041877747
0.5782082676887512
0.6228306293487549
0.669854998588562
0.7453377842903137
0.7735174894332886
0.8033328056335449
0.8457841873168945
0.8633192181587219
0.8338519930839539
0.862742006778717
0.967052161693573
1.0599931478500366
1.0408891439437866
1.05559241771698
1.0662494897842407
1.0610429048538208
0.9950417280197144
0.938736081123352
0.9243102669715881
0.8566402792930603
0.8313322067260742
0.8099594116210938
0.9299386143684387
0.8325256705284119
0.8059216141700745
0.6653316020965576
0.6143723726272583
0.5737977027893066
0.6083727478981018
0.5415540933609009
0.5101568698883057
0.5633935332298279
0.618363618850708
0.6750964522361755
0.6802396178245544
0.5071955919265747
0.41540926694869995
0.38942021131515503
0.38359230756759644
0.4095042645931244
0.4912174344062805
0.5052396059036255
0.5716658234596252
0.6240142583847046
0.7264870405197144
0.7819393873214722
0.8022489547729492
0.80596524477005
0.8037719130516052
0.8133899569511414
0.8512619137763977
0.8465215563774109
0.8383153080940247
0.7900875210762024
0.7094250321388245
0.6587892174720764
0.6707746386528015
0.6507304906845093
0.6500571966171265
0.6246663928031921
0.5848363041877747
0.5782082676887512
0.6228306293487549
0.669854998588562
0.7453377842903137
0.7735174894332886
0.8033328056335449
0.8457841873168945
0.8633192181587219
0.8338519930839539
0.862742006778717
0.967052161693573
1.0599931478500366
1.0408891439437866
1.05559241771698
1.0662494897842407
1.0610429048538208
0.9950417280197144
0.938736081123352
0.9243102669715881
0.8566402792930603
0.8313322067260742
0.8099594116210938
0.9299386143684387
0.8325256705284119
0.8059216141700745
0.6653316020965576
0.6143723726272583
0.5737977027893066
0.6083727478981018
0.5415540933609009
0.5101568698883057
0.5633935332298279
0.618363618850708
0.6750964522361755
0.6802396178245544
0.5071955919265747
0.41540926694869995
0.38942021131515503
0.38359230756759644
0.4095042645931244
0.4912174344062805
0.5052396059036255
0.5716658234596252
0.6240142583847046
0.7264870405197144
0.7819393873214722
0.8022489547729492
0.80596524477005
0.8037719130516052
0.8133899569511414
0.8512619137763977
0.8465215563774109
0.8383153080940247
0.7900875210762024
0.7094250321388245
0.6587892174720764
0.6707746386528015
0.6507304906845093
0.6500571966171265
0.6246663928031921
0.5848363041877747
0.5782082676887512
0.6228306293487549
0.669854998588562
0.7453377842903137
0.7735174894332886
0.8033328056335449
0.8457841873168945
0.8633192181587219
0.8338519930839539
0.862742006778717
0.967052161693573
1.0599931478500366
1.0408891439437866
1.05559241771698
1.0662494897842407
1.0610429048538208
0.9950417280197144
0.938736081123352
0.9243102669715881
0.8566402792930603
0.8313322067260742
0.8099594116210938
0.9299386143684387
0.8325256705284119
0.8059216141700745
0.6653316020965576
0.6143723726272583
0.5737977027893066
0.6083727478981018
0.5415540933609009
0.5101568698883057
0.5633935332298279
0.618363618850708
0.6750964522361755
0.6802396178245544
0.5071955919265747
0.41540926694869995
0.38942021131515503
0.38359230756759644
0.4095042645931244
0.4912174344062805
0.5052396059036255
0.5716658234596252
0.6240142583847046
0.7264870405197144
0.7819393873214722
0.8022489547729492
0.80596524477005
0.8037719130516052
0.8133899569511414
0.8512619137763977
0.8465215563774109
0.8383153080940247
0.7900875210762024
0.7094250321388245
0.6587892174720764
0.6707746386528015
0.6507304906845093
0.6500571966171265
0.6246663928031921
0.5848363041877747
0.5782082676887512
0.6228306293487549
0.669854998588562
0.7453377842903137
0.7735174894332886
0.8033328056335449
0.8457841873168945
0.8633192181587219
0.8338519930839539
0.862742006778717
0.967052161693573
1.0599931478500366
1.0408891439437866
1.05559241771698
1.0662494897842407
1.0610429048538208
0.9950417280197144
0.938736081123352
0.9243102669715881
0.8566402792930603
0.8313322067260742
0.8099594116210938
0.9299386143684387
0.8325256705284119
0.8059216141700745
0.6653316020965576
0.6143723726272583
0.5737977027893066
0.6083727478981018
0.5415540933609009
0.5101568698883057
0.5633935332298279
0.618363618850708
0.6750964522361755
0.6802396178245544
0.5071955919265747
0.41540926694869995
0.38942021131515503
0.38359230756759644
0.4095042645931244
0.4912174344062805
0.5052396059036255
0.5716658234596252
0.6240142583847046
0.7264870405197144
0.7819393873214722
0.8022489547729492
0.80596524477005
0.8037719130516052
0.8133899569511414
0.8512619137763977
0.8465215563774109
0.8383153080940247
0.7900875210762024
0.7094250321388245
0.6587892174720764
0.6707746386528015
0.6507304906845093
0.6500571966171265
0.6246663928031921
0.5848363041877747
0.5782082676887512
0.6228306293487549
0.669854998588562
0.7453377842903137
0.7735174894332886
0.8033328056335449
0.8457841873168945
0.8633192181587219
0.8338519930839539
0.862742006778717
0.967052161693573
1.0599931478500366
1.0408891439437866
1.05559241771698
1.0662494897842407
1.0610429048538208
0.9950417280197144
0.938736081123352
0.9243102669715881
0.8566402792930603
0.8313322067260742
0.8099594116210938
0.9299386143684387
0.8325256705284119
0.8059216141700745
0.6653316020965576
0.6143723726272583
0.5737977027893066
0.6083727478981018
0.5415540933609009
0.5101568698883057
0.5633935332298279
0.618363618850708
0.6750964522361755
0.6802396178245544
0.5071955919265747
0.41540926694869995
0.38942021131515503
0.38359230756759644
0.4095042645931244
0.4912174344062805
0.5052396059036255
0.5716658234596252
0.6240142583847046
0.7264870405197144
0.7819393873214722
0.8022489547729492
0.80596524477005
0.8037719130516052
0.8133899569511414
0.8512619137763977
0.8465215563774109
0.8383153080940247
0.7900875210762024
0.7094250321388245
0.6587892174720764
0.6707746386528015
0.6507304906845093
0.6500571966171265
0.6246663928031921
0.5848363041877747
0.5782082676887512
0.6228306293487549
0.669854998588562
0.7453377842903137
0.7735174894332886
0.8033328056335449
0.8457841873168945
0.8633192181587219
0.8338519930839539
0.862742006778717
0.967052161693573
1.0599931478500366
1.0408891439437866
1.05559241771698
1.0662494897842407
1.0610429048538208
0.9950417280197144
0.938736081123352
0.9243102669715881
0.8566402792930603
0.8313322067260742
0.8099594116210938
0.9299386143684387
0.8325256705284119
0.8059216141700745
0.6653316020965576
0.6143723726272583
0.5737977027893066
0.6083727478981018
0.5415540933609009
0.5101568698883057
0.5633935332298279
0.618363618850708
0.6750964522361755
0.6802396178245544
0.5071955919265747
0.41540926694869995
0.38942021131515503
0.38359230756759644
0.4095042645931244
0.4912174344062805
0.5052396059036255
0.5716658234596252
0.6240142583847046
0.7264870405197144
0.7819393873214722
0.8022489547729492
0.80596524477005
0.8037719130516052
0.8133899569511414
0.8512619137763977
0.8465215563774109
0.8383153080940247
0.7900875210762024
0.7094250321388245
0.6587892174720764
0.6707746386528015
0.6507304906845093
0.6500571966171265
0.6246663928031921
0.5848363041877747
0.5782082676887512
0.6228306293487549
0.669854998588562
0.7453377842903137
0.7735174894332886
0.8033328056335449
0.8457841873168945
0.8633192181587219
0.8338519930839539
0.862742006778717
0.967052161693573
1.0599931478500366
1.0408891439437866
1.05559241771698
1.0662494897842407
1.0610429048538208
0.9950417280197144
0.938736081123352
0.9243102669715881
0.8566402792930603
0.8313322067260742
0.8099594116210938
0.9299386143684387
0.8325256705284119
0.8059216141700745
0.6653316020965576
0.6143723726272583
0.5737977027893066
0.6083727478981018
0.5415540933609009
0.5101568698883057
0.5633935332298279
0.618363618850708
0.6750964522361755
0.6802396178245544
0.5071955919265747
0.41540926694869995
0.38942021131515503
0.38359230756759644
0.4095042645931244
0.4912174344062805
0.5052396059036255
0.5716658234596252
0.6240142583847046
0.7264870405197144
0.7819393873214722
0.8022489547729492
0.80596524477005
0.8037719130516052
0.8133899569511414
0.8512619137763977
0.8465215563774109
0.8383153080940247
0.7900875210762024
0.7094250321388245
0.6587892174720764
0.6707746386528015
0.6507304906845093
0.6500571966171265
0.6246663928031921
0.5848363041877747
0.5782082676887512
0.6228306293487549
0.669854998588562
0.7453377842903137
0.7735174894332886
0.8033328056335449
0.8457841873168945
0.8633192181587219
0.8338519930839539
0.862742006778717
0.967052161693573
1.0599931478500366
1.0408891439437866
1.05559241771698
1.0662494897842407
1.0610429048538208
0.9950417280197144
0.938736081123352
0.9243102669715881
0.8566402792930603
0.8313322067260742
0.8099594116210938
0.9299386143684387
0.8325256705284119
0.8059216141700745
0.6653316020965576
0.6143723726272583
0.5737977027893066
0.6083727478981018
0.5415540933609009
0.5101568698883057
0.5633935332298279
0.618363618850708
0.6750964522361755
0.6802396178245544
0.5071955919265747
0.41540926694869995
0.38942021131515503
0.38359230756759644
0.4095042645931244
0.4912174344062805
0.5052396059036255
0.5716658234596252
0.6240142583847046
0.7264870405197144
0.7819393873214722
0.8022489547729492
0.80596524477005
0.8037719130516052
0.8133899569511414
0.8512619137763977
0.8465215563774109
0.8383153080940247
0.7900875210762024
0.7094250321388245
0.6587892174720764
0.6707746386528015
0.6507304906845093
0.6500571966171265
0.6246663928031921
0.5848363041877747
0.5782082676887512
0.6228306293487549
0.669854998588562
0.7453377842903137
0.7735174894332886
0.8033328056335449
0.8457841873168945
0.8633192181587219
0.8338519930839539
0.862742006778717
0.967052161693573
1.0599931478500366
1.0408891439437866
1.05559241771698
1.0662494897842407
1.0610429048538208
0.9950417280197144
0.938736081123352
0.9243102669715881
0.8566402792930603
0.8313322067260742
0.8099594116210938
0.9299386143684387
0.8325256705284119
0.8059216141700745
0.6653316020965576
0.6143723726272583
0.5737977027893066
0.6083727478981018
0.5415540933609009
0.5101568698883057
0.5633935332298279
0.618363618850708
0.6750964522361755
0.6802396178245544
0.5071955919265747
0.41540926694869995
0.38942021131515503
0.38359230756759644
0.4095042645931244
0.4912174344062805
0.5052396059036255
0.5716658234596252
0.6240142583847046
0.7264870405197144
0.7819393873214722
0.8022489547729492
0.80596524477005
0.8037719130516052
0.8133899569511414
0.8512619137763977
0.8465215563774109
0.8383153080940247
0.7900875210762024
0.7094250321388245
0.6587892174720764
0.6707746386528015
0.6507304906845093
0.6500571966171265
0.6246663928031921
0.5848363041877747
0.5782082676887512
0.6228306293487549
0.669854998588562
0.7453377842903137
0.7735174894332886
0.8033328056335449
0.8457841873168945
0.8633192181587219
0.8338519930839539
0.862742006778717
0.967052161693573
1.0599931478500366
1.0408891439437866
1.05559241771698
1.0662494897842407
1.0610429048538208
0.9950417280197144
0.938736081123352
0.9243102669715881
0.8566402792930603
0.8313322067260742
0.8099594116210938
0.9299386143684387
0.8325256705284119
0.8059216141700745
0.6653316020965576
0.6143723726272583
0.5737977027893066
0.6083727478981018
0.5415540933609009
0.5101568698883057
0.5633935332298279
0.618363618850708
0.6750964522361755
0.6802396178245544
0.5071955919265747
0.41540926694869995
0.38942021131515503
0.38359230756759644
0.4095042645931244
0.4912174344062805
0.5052396059036255
0.5716658234596252
0.6240142583847046
0.7264870405197144
0.7819393873214722
0.8022489547729492
0.80596524477005
0.8037719130516052
0.8133899569511414
0.8512619137763977
0.8465215563774109
0.8383153080940247
0.7900875210762024
0.7094250321388245
0.6587892174720764
0.6707746386528015
0.6507304906845093
