0.011836021207273006
0.011808429844677448
0.011984225362539291
0.011933029629290104
0.01203631330281496
0.012140480801463127
0.011678572744131088
0.011560533195734024
0.011289756745100021
0.011533169075846672
0.01160130463540554
0.011861652135848999
0.01094189751893282
0.011547066271305084
0.011807305738329887
0.011963828466832638
0.012299269437789917
0.011456595733761787
0.010886098258197308
0.011847148649394512
0.012716674245893955
0.01276995800435543
0.01318744570016861
0.012185563333332539
0.01144321821630001
0.011215859092772007
0.011519613675773144
0.01137944869697094
0.012409010902047157
0.011670118197798729
0.011415448039770126
0.012238585390150547
0.01250253152102232
0.01188901998102665
0.011462371796369553
0.010010892525315285
0.00988429132848978
0.010275608859956264
0.011751549318432808
0.011872058734297752
0.012396769598126411
0.012761515565216541
0.012137521058321
0.011858604848384857
0.012455319054424763
0.012215688824653625
0.012341083958745003
0.012148846872150898
0.012073391117155552
0.012661698274314404
0.013658777810633183
0.013695163652300835
0.014237628318369389
0.015141243115067482
0.014743471518158913
0.014495592564344406
0.013846812769770622
0.014232907444238663
0.014979926869273186
0.01498930249363184
0.014495771378278732
0.014950763434171677
0.015071740373969078
0.014887201599776745
0.014629427343606949
0.014860894531011581
0.014697911217808723
0.014501077122986317
0.014074480161070824
0.013484976254403591
0.012823589146137238
0.01271651778370142
0.012204671278595924
0.012269917875528336
0.012634831480681896
0.012296670116484165
0.01242038980126381
0.012575360015034676
0.012092680670320988
0.012688846327364445
0.012820981442928314
0.012753882445394993
0.012473437935113907
0.011384881101548672
0.011827508918941021
0.012427135370671749
0.013664878904819489
0.014362510293722153
0.01565900444984436
0.016181517392396927
0.015850579366087914
0.015723809599876404
0.016181206330657005
0.01581105776131153
0.016362564638257027
0.016358233988285065
0.016180457547307014
0.013133231550455093
0.01120478380471468
0.013422884047031403
0.012163813225924969
0.011893765069544315
0.012326964177191257
0.012123417109251022
0.01161772757768631
0.011299381032586098
0.01207983773201704
0.011742129921913147
0.011990463361144066
0.01175837591290474
0.011059269309043884
0.011766644194722176
0.011612540110945702
0.01200847327709198
0.012381055392324924
0.010780717246234417
0.011376999318599701
0.012321916408836842
0.01220837514847517
0.012784410268068314
0.01302299089729786
0.011823910288512707
0.011464697308838367
0.010960131883621216
0.01152800489217043
0.011381074786186218
0.011860945262014866
0.011443210765719414
0.011710911989212036
0.012325242161750793
0.012368496507406235
0.011829202063381672
0.011145822703838348
0.01043244544416666
0.009624950587749481
0.010404299013316631
0.01160241849720478
0.01196493674069643
0.012396769598126411
0.012761515565216541
0.012137521058321
0.011858604848384857
0.012455319054424763
0.012215688824653625
0.012341083958745003
0.012148846872150898
0.012073391117155552
0.012661698274314404
0.013658777810633183
0.013695163652300835
0.014237628318369389
0.015141243115067482
0.014743471518158913
0.014495592564344406
0.013846812769770622
0.014232907444238663
0.014979926869273186
0.01498930249363184
0.014495771378278732
0.014950763434171677
0.015071740373969078
0.014887201599776745
0.014629427343606949
0.014860894531011581
0.014697911217808723
0.014501077122986317
0.014074480161070824
0.013484976254403591
0.012823589146137238
0.01271651778370142
0.012204671278595924
0.012269917875528336
0.012634831480681896
0.012296670116484165
0.01242038980126381
0.012575360015034676
0.012092680670320988
0.012688846327364445
0.012820981442928314
0.012753882445394993
0.012473437935113907
0.011384881101548672
0.011827508918941021
0.012427135370671749
0.013664878904819489
0.014362510293722153
0.01565900444984436
0.016181517392396927
0.015850579366087914
0.015723809599876404
0.016181206330657005
0.01581105776131153
0.016362564638257027
0.016358233988285065
0.01611509919166565
0.013039683923125267
0.011187830939888954
0.013324832543730736
0.012163813225924969
0.011893765069544315
0.012326964177191257
0.012123417109251022
0.01161772757768631
0.011299381032586098
0.01207983773201704
0.011742129921913147
0.011990463361144066
0.01175837591290474
0.011059269309043884
0.011766644194722176
0.011612540110945702
0.01200847327709198
0.012381055392324924
0.010780717246234417
0.011376999318599701
0.012321916408836842
0.01220837514847517
0.012784410268068314
0.01302299089729786
0.011823910288512707
0.011464697308838367
0.010960131883621216
0.01152800489217043
0.011381074786186218
0.011860945262014866
0.011443210765719414
0.011710911989212036
0.012325242161750793
0.012368496507406235
0.011829202063381672
0.011145822703838348
0.01043244544416666
0.009624950587749481
0.010404299013316631
0.01160241849720478
0.01196493674069643
0.012396769598126411
0.012761515565216541
0.012137521058321
0.011858604848384857
0.012455319054424763
0.012215688824653625
0.012341083958745003
0.012148846872150898
0.012073391117155552
0.012661698274314404
0.013658777810633183
0.013695163652300835
0.014237628318369389
0.015141243115067482
0.014743471518158913
0.014495592564344406
0.013846812769770622
0.014232907444238663
0.014979926869273186
0.01498930249363184
0.014495771378278732
0.014950763434171677
0.015071740373969078
0.014887201599776745
0.014629427343606949
0.014860894531011581
0.014697911217808723
0.014501077122986317
0.014074480161070824
0.013484976254403591
0.012823589146137238
0.01271651778370142
0.012204671278595924
0.012269917875528336
0.012634831480681896
0.012296670116484165
0.01242038980126381
0.012575360015034676
0.012092680670320988
0.012688846327364445
0.012820981442928314
0.012753882445394993
0.012473437935113907
0.011384881101548672
0.011827508918941021
0.012427135370671749
0.013664878904819489
0.014362510293722153
0.01565900444984436
0.016181517392396927
0.015850579366087914
0.015723809599876404
0.016181206330657005
0.01581105776131153
0.016362564638257027
0.016358233988285065
0.016149841248989105
0.013032092712819576
0.011132095009088516
0.013399424031376839
0.012163813225924969
0.011893765069544315
0.012326964177191257
0.012123417109251022
0.01161772757768631
0.011299381032586098
0.01207983773201704
0.011742129921913147
0.011990463361144066
0.01175837591290474
0.011059269309043884
0.011766644194722176
0.011612540110945702
0.01200847327709198
0.012381055392324924
0.010780717246234417
0.011376999318599701
0.012321916408836842
0.01220837514847517
0.012784410268068314
0.01302299089729786
0.011823910288512707
0.011464697308838367
0.010960131883621216
0.01152800489217043
0.011381074786186218
0.011860945262014866
0.011443210765719414
0.011710911989212036
0.012325242161750793
0.012368496507406235
0.011829202063381672
0.011145822703838348
0.01043244544416666
0.009624950587749481
0.010404299013316631
0.01160241849720478
0.01196493674069643
0.012396769598126411
0.012761515565216541
0.012137521058321
0.011858604848384857
0.012455319054424763
0.012215688824653625
0.012341083958745003
0.012148846872150898
0.012073391117155552
0.012661698274314404
0.013658777810633183
0.013695163652300835
0.014237628318369389
0.015141243115067482
0.014743471518158913
0.014495592564344406
0.013846812769770622
0.014232907444238663
0.014979926869273186
0.01498930249363184
0.014495771378278732
0.014950763434171677
0.015071740373969078
0.014887201599776745
0.014629427343606949
0.014860894531011581
0.014697911217808723
0.014501077122986317
0.014074480161070824
0.013484976254403591
0.012823589146137238
0.01271651778370142
0.012204671278595924
0.012269917875528336
0.012634831480681896
0.012296670116484165
0.01242038980126381
0.012575360015034676
0.012092680670320988
0.012688846327364445
0.012820981442928314
0.012753882445394993
0.012473437935113907
0.011384881101548672
0.011827508918941021
0.012427135370671749
0.013664878904819489
0.014362510293722153
0.01565900444984436
0.016181517392396927
0.015850579366087914
0.015723809599876404
0.016181206330657005
0.01581105776131153
0.016362564638257027
0.016358233988285065
0.01606917381286621
0.013105329126119614
0.01112164556980133
0.013394288718700409
0.012163813225924969
0.011893765069544315
0.012326964177191257
0.012123417109251022
0.01161772757768631
0.011299381032586098
0.01207983773201704
0.011742129921913147
0.011990463361144066
0.01175837591290474
0.011059269309043884
0.011766644194722176
0.011612540110945702
0.01200847327709198
0.012381055392324924
0.010780717246234417
0.011376999318599701
0.012321916408836842
0.01220837514847517
0.012784410268068314
0.01302299089729786
0.011823910288512707
0.011464697308838367
0.010960131883621216
0.01152800489217043
0.011381074786186218
0.011860945262014866
0.011443210765719414
0.011710911989212036
0.012325242161750793
0.012368496507406235
0.011829202063381672
0.011145822703838348
0.01043244544416666
0.009624950587749481
0.010404299013316631
0.01160241849720478
0.01196493674069643
0.012396769598126411
0.012761515565216541
0.012137521058321
0.011858604848384857
0.012455319054424763
0.012215688824653625
0.012341083958745003
0.012148846872150898
0.012073391117155552
0.012661698274314404
0.013658777810633183
0.013695163652300835
0.014237628318369389
0.015141243115067482
0.014743471518158913
0.014495592564344406
0.013846812769770622
0.014232907444238663
0.014979926869273186
0.01498930249363184
0.014495771378278732
0.014950763434171677
0.015071740373969078
0.014887201599776745
0.014629427343606949
0.014860894531011581
0.014697911217808723
0.014501077122986317
0.014074480161070824
0.013484976254403591
0.012823589146137238
0.01271651778370142
0.012204671278595924
0.012269917875528336
0.012634831480681896
0.012296670116484165
0.01242038980126381
0.012575360015034676
0.012092680670320988
0.012688846327364445
0.012820981442928314
0.012753882445394993
0.012473437935113907
0.011384881101548672
0.011827508918941021
0.012427135370671749
0.013664878904819489
0.014362510293722153
0.01565900444984436
0.016181517392396927
0.015850579366087914
0.015723809599876404
0.016181206330657005
0.01581105776131153
0.016362564638257027
0.016358233988285065
0.01609899289906025
0.013067588210105896
0.01111207902431488
0.01336325891315937
0.012163813225924969
0.011893765069544315
0.012326964177191257
0.012123417109251022
0.01161772757768631
0.011299381032586098
0.01207983773201704
0.011742129921913147
0.011990463361144066
0.01175837591290474
0.011059269309043884
0.011766644194722176
0.011612540110945702
0.01200847327709198
0.012381055392324924
0.010780717246234417
0.011376999318599701
0.012321916408836842
0.01220837514847517
0.012784410268068314
0.01302299089729786
0.011823910288512707
0.011464697308838367
0.010960131883621216
0.01152800489217043
0.011381074786186218
0.011860945262014866
0.011443210765719414
0.011710911989212036
0.012325242161750793
0.012368496507406235
0.011829202063381672
0.011145822703838348
0.01043244544416666
0.009624950587749481
0.010404299013316631
0.01160241849720478
0.01196493674069643
0.012396769598126411
0.012761515565216541
0.012137521058321
0.011858604848384857
0.012455319054424763
0.012215688824653625
0.012341083958745003
0.012148846872150898
0.012073391117155552
0.012661698274314404
0.013658777810633183
0.013695163652300835
0.014237628318369389
0.015141243115067482
0.014743471518158913
0.014495592564344406
0.013846812769770622
0.014232907444238663
0.014979926869273186
0.01498930249363184
0.014495771378278732
0.014950763434171677
0.015071740373969078
0.014887201599776745
0.014629427343606949
0.014860894531011581
0.014697911217808723
0.014501077122986317
0.014074480161070824
0.013484976254403591
0.012823589146137238
0.01271651778370142
0.012204671278595924
0.012269917875528336
0.012634831480681896
0.012296670116484165
0.01242038980126381
0.012575360015034676
0.012092680670320988
0.012688846327364445
0.012820981442928314
0.012753882445394993
0.012473437935113907
0.011384881101548672
0.011827508918941021
0.012427135370671749
0.013664878904819489
0.014362510293722153
0.01565900444984436
0.016181517392396927
0.015850579366087914
0.015723809599876404
0.016181206330657005
0.01581105776131153
0.016362564638257027
0.016358233988285065
0.016252655535936356
0.013130255043506622
0.0111752450466156
0.013456211425364017
0.012163813225924969
0.011893765069544315
0.012326964177191257
0.012123417109251022
0.01161772757768631
0.011299381032586098
0.01207983773201704
0.011742129921913147
0.011990463361144066
0.01175837591290474
0.011059269309043884
0.011766644194722176
0.011612540110945702
0.01200847327709198
0.012381055392324924
0.010780717246234417
0.011376999318599701
0.012321916408836842
0.01220837514847517
0.012784410268068314
0.01302299089729786
0.011823910288512707
0.011464697308838367
0.010960131883621216
0.01152800489217043
0.011381074786186218
0.011860945262014866
0.011443210765719414
0.011710911989212036
0.012325242161750793
0.012368496507406235
0.011829202063381672
0.011145822703838348
0.01043244544416666
0.009624950587749481
0.010404299013316631
0.01160241849720478
0.01196493674069643
0.012396769598126411
0.012761515565216541
0.012137521058321
0.011858604848384857
0.012455319054424763
0.012215688824653625
0.012341083958745003
0.012148846872150898
0.012073391117155552
0.012661698274314404
0.013658777810633183
0.013695163652300835
0.014237628318369389
0.015141243115067482
0.014743471518158913
0.014495592564344406
0.013846812769770622
0.014232907444238663
0.014979926869273186
0.01498930249363184
0.014495771378278732
0.014950763434171677
0.015071740373969078
0.014887201599776745
0.014629427343606949
0.014860894531011581
0.014697911217808723
0.014501077122986317
0.014074480161070824
0.013484976254403591
0.012823589146137238
0.01271651778370142
0.012204671278595924
0.012269917875528336
0.012634831480681896
0.012296670116484165
0.01242038980126381
0.012575360015034676
0.012092680670320988
0.012688846327364445
0.012820981442928314
0.012753882445394993
0.012473437935113907
0.011384881101548672
0.011827508918941021
0.012427135370671749
0.013664878904819489
0.014362510293722153
0.01565900444984436
0.016181517392396927
0.015850579366087914
0.015723809599876404
0.016181206330657005
0.01581105776131153
0.016362564638257027
0.016358233988285065
0.01614801026880741
0.013103056699037552
0.011175889521837234
0.013440372422337532
0.012163813225924969
0.011893765069544315
0.012326964177191257
0.012123417109251022
0.01161772757768631
0.011299381032586098
0.01207983773201704
0.011742129921913147
0.011990463361144066
0.01175837591290474
0.011059269309043884
0.011766644194722176
0.011612540110945702
0.01200847327709198
0.012381055392324924
0.010780717246234417
0.011376999318599701
0.012321916408836842
0.01220837514847517
0.012784410268068314
0.01302299089729786
0.011823910288512707
0.011464697308838367
0.010960131883621216
0.01152800489217043
0.011381074786186218
0.011860945262014866
0.011443210765719414
0.011710911989212036
0.012325242161750793
0.012368496507406235
0.011829202063381672
0.011145822703838348
0.01043244544416666
0.009624950587749481
0.010404299013316631
0.01160241849720478
0.01196493674069643
0.012396769598126411
0.012761515565216541
0.012137521058321
0.011858604848384857
0.012455319054424763
0.012215688824653625
0.012341083958745003
0.012148846872150898
0.012073391117155552
0.012661698274314404
0.013658777810633183
0.013695163652300835
0.014237628318369389
0.015141243115067482
0.014743471518158913
0.014495592564344406
0.013846812769770622
0.014232907444238663
0.014979926869273186
0.01498930249363184
0.014495771378278732
0.014950763434171677
0.015071740373969078
0.014887201599776745
0.014629427343606949
0.014860894531011581
0.014697911217808723
0.014501077122986317
0.014074480161070824
0.013484976254403591
0.012823589146137238
0.01271651778370142
0.012204671278595924
0.012269917875528336
0.012634831480681896
0.012296670116484165
0.01242038980126381
0.012575360015034676
0.012092680670320988
0.012688846327364445
0.012820981442928314
0.012753882445394993
0.012473437935113907
0.011384881101548672
0.011827508918941021
0.012427135370671749
0.013664878904819489
0.014362510293722153
0.01565900444984436
0.016181517392396927
0.015850579366087914
0.015723809599876404
0.016181206330657005
0.01581105776131153
0.016362564638257027
0.016358233988285065
0.01607048325240612
0.01306931208819151
0.011119231581687927
0.013383714482188225
0.012163813225924969
0.011893765069544315
0.012326964177191257
0.012123417109251022
0.01161772757768631
0.011299381032586098
0.01207983773201704
0.011742129921913147
0.011990463361144066
0.01175837591290474
0.011059269309043884
0.011766644194722176
0.011612540110945702
0.01200847327709198
0.012381055392324924
0.010780717246234417
0.011376999318599701
0.012321916408836842
0.01220837514847517
0.012784410268068314
0.01302299089729786
0.011823910288512707
0.011464697308838367
0.010960131883621216
0.01152800489217043
0.011381074786186218
0.011860945262014866
0.011443210765719414
0.011710911989212036
0.012325242161750793
0.012368496507406235
0.011829202063381672
0.011145822703838348
0.01043244544416666
0.009624950587749481
0.010404299013316631
0.01160241849720478
0.01196493674069643
0.012396769598126411
0.012761515565216541
0.012137521058321
0.011858604848384857
0.012455319054424763
0.012215688824653625
0.012341083958745003
0.012148846872150898
0.012073391117155552
0.012661698274314404
0.013658777810633183
0.013695163652300835
0.014237628318369389
0.015141243115067482
0.014743471518158913
0.014495592564344406
0.013846812769770622
0.014232907444238663
0.014979926869273186
0.01498930249363184
0.014495771378278732
0.014950763434171677
0.015071740373969078
0.014887201599776745
0.014629427343606949
0.014860894531011581
0.014697911217808723
0.014501077122986317
0.014074480161070824
0.013484976254403591
0.012823589146137238
0.01271651778370142
0.012204671278595924
0.012269917875528336
0.012634831480681896
0.012296670116484165
0.01242038980126381
0.012575360015034676
0.012092680670320988
0.012688846327364445
0.012820981442928314
0.012753882445394993
0.012473437935113907
0.011384881101548672
0.011827508918941021
0.012427135370671749
0.013664878904819489
0.014362510293722153
0.01565900444984436
0.016181517392396927
0.015850579366087914
0.015723809599876404
0.016181206330657005
0.01581105776131153
0.016362564638257027
0.016358233988285065
0.01603497751057148
0.013053740374743938
0.011024496518075466
0.013366542756557465
0.012163813225924969
0.011893765069544315
0.012326964177191257
0.012123417109251022
0.01161772757768631
0.011299381032586098
0.01207983773201704
0.011742129921913147
0.011990463361144066
0.01175837591290474
0.011059269309043884
0.011766644194722176
0.011612540110945702
0.01200847327709198
0.012381055392324924
0.010780717246234417
0.011376999318599701
0.012321916408836842
0.01220837514847517
0.012784410268068314
0.01302299089729786
0.011823910288512707
0.011464697308838367
0.010960131883621216
0.01152800489217043
0.011381074786186218
0.011860945262014866
0.011443210765719414
0.011710911989212036
0.012325242161750793
0.012368496507406235
0.011829202063381672
0.011145822703838348
0.01043244544416666
0.009624950587749481
0.010404299013316631
0.01160241849720478
0.01196493674069643
0.012396769598126411
0.012761515565216541
0.012137521058321
0.011858604848384857
0.012455319054424763
0.012215688824653625
0.012341083958745003
0.012148846872150898
0.012073391117155552
0.012661698274314404
0.013658777810633183
0.013695163652300835
0.014237628318369389
0.015141243115067482
0.014743471518158913
0.014495592564344406
0.013846812769770622
0.014232907444238663
0.014979926869273186
0.01498930249363184
0.014495771378278732
0.014950763434171677
0.015071740373969078
0.014887201599776745
0.014629427343606949
0.014860894531011581
0.014697911217808723
0.014501077122986317
0.014074480161070824
0.013484976254403591
0.012823589146137238
0.01271651778370142
0.012204671278595924
0.012269917875528336
0.012634831480681896
0.012296670116484165
0.01242038980126381
0.012575360015034676
0.012092680670320988
0.012688846327364445
0.012820981442928314
0.012753882445394993
0.012473437935113907
0.011384881101548672
0.011827508918941021
0.012427135370671749
0.013664878904819489
0.014362510293722153
0.01565900444984436
0.016181517392396927
0.015850579366087914
0.015723809599876404
0.016181206330657005
0.01581105776131153
0.016362564638257027
0.016358233988285065
0.016126368194818497
0.013108020648360252
0.011121837422251701
0.013368514366447926
0.012163813225924969
0.011893765069544315
0.012326964177191257
0.012123417109251022
0.01161772757768631
0.011299381032586098
0.01207983773201704
0.011742129921913147
0.011990463361144066
0.01175837591290474
0.011059269309043884
0.011766644194722176
0.011612540110945702
0.01200847327709198
0.012381055392324924
0.010780717246234417
0.011376999318599701
0.012321916408836842
0.014325818046927452
0.014125466346740723
0.014524441212415695
0.013006672263145447
0.013502738438546658
0.012311562895774841
0.012956688180565834
0.012767545878887177
0.012685905210673809
0.01221269741654396
0.01172309834510088
0.011795978993177414
0.011841538362205029
0.01187770627439022
0.013001926243305206
0.012628837488591671
0.012870335020124912
0.013804861344397068
0.013412564992904663
0.012669208459556103
0.0122984629124403
0.012852114625275135
0.013768964447081089
0.014178654178977013
0.013464953750371933
0.01255853846669197
0.013086799532175064
0.012445714324712753
0.012541733682155609
0.013455100357532501
0.012576432898640633
0.012559290044009686
0.012686243280768394
0.01309219840914011
0.012544308789074421
0.012097889557480812
0.0110508156940341
0.011168301105499268
0.010710295289754868
0.009982486255466938
0.009621435776352882
0.009144707582890987
0.008884134702384472
0.0098632937297225
0.010128792375326157
0.010311607271432877
0.01022760197520256
0.010593592189252377
0.01042182371020317
0.011147201992571354
0.011496002785861492
0.011039864271879196
0.010359378531575203
0.009372402913868427
0.009370056912302971
0.01004724856466055
0.010769606567919254
0.010811272077262402
0.010603085160255432
0.010991096496582031
0.01160818338394165
0.012367784045636654
0.012056066654622555
0.012532111257314682
0.012178301811218262
0.011579969897866249
0.012114997953176498
0.013099703937768936
0.014133298769593239
0.014329361729323864
0.01428748294711113
0.015858549624681473
0.015445662662386894
0.015361452475190163
0.01596163399517536
0.015207127667963505
0.014277981594204903
0.013865320011973381
0.01283975038677454
0.013413703069090843
0.013481734320521355
0.013582510873675346
0.012673815712332726
0.012607921846210957
0.011371888220310211
0.009755988605320454
0.009933975525200367
0.01038238313049078
0.009656086564064026
0.00923700537532568
0.008514542132616043
0.00930815190076828
0.00908229872584343
0.009445209987461567
0.009944302029907703
0.009893389418721199
0.009163015522062778
0.008117572404444218
0.01264994591474533
0.013202427886426449
0.013622447848320007
0.01358746737241745
0.012055731378495693
0.012908811680972576
0.013495959341526031
0.012877680361270905
0.013098749332129955
0.012600565329194069
0.011587017215788364
0.012014427222311497
0.011919054202735424
0.012314212508499622
0.012965412810444832
0.012321646325290203
0.012258995324373245
0.013018287718296051
0.012843125499784946
0.011721651069819927
0.012200522236526012
0.013733901083469391
0.013415108434855938
0.013780138455331326
0.013456713408231735
0.012555200606584549
0.01285078376531601
0.012325681746006012
0.012840786948800087
0.013173905201256275
0.01281737070530653
0.011626125313341618
0.013137122616171837
0.01292647048830986
0.01263879518955946
0.011570294387638569
0.011480591259896755
0.011241639032959938
0.010835542343556881
0.010141048580408096
0.009571600705385208
0.009144707582890987
0.008884134702384472
0.0098632937297225
0.010128792375326157
0.010311607271432877
0.01022760197520256
0.010593592189252377
0.01042182371020317
0.011147201992571354
0.011496002785861492
0.011039864271879196
0.010359378531575203
0.009372402913868427
0.009370056912302971
0.01004724856466055
0.010769606567919254
0.010811272077262402
0.010603085160255432
0.010991096496582031
0.01160818338394165
0.012367784045636654
0.012056066654622555
0.012532111257314682
0.012178301811218262
0.011579969897866249
0.012114997953176498
0.013099703937768936
0.014133298769593239
0.014329361729323864
0.01428748294711113
0.015858549624681473
0.015445662662386894
0.015361452475190163
0.01596163399517536
0.015207127667963505
0.014277981594204903
0.013865320011973381
0.01283975038677454
0.013413703069090843
0.013481734320521355
0.013582510873675346
0.012673815712332726
0.012607921846210957
0.011371888220310211
0.009755988605320454
0.009933975525200367
0.01038238313049078
0.009656086564064026
0.00923700537532568
0.008514542132616043
0.00930815190076828
0.00908229872584343
0.009445209987461567
0.009944302029907703
0.009893389418721199
0.00915515422821045
0.00813121348619461
0.012632317841053009
0.013189742341637611
0.013622447848320007
0.01358746737241745
0.012055731378495693
0.012908811680972576
0.013495959341526031
0.012877680361270905
0.013098749332129955
0.012600565329194069
0.011587017215788364
0.012014427222311497
0.011919054202735424
0.012314212508499622
0.012965412810444832
0.012321646325290203
0.012258995324373245
0.013018287718296051
0.012843125499784946
0.011721651069819927
0.012200522236526012
0.013733901083469391
0.013415108434855938
0.013780138455331326
0.013456713408231735
0.012555200606584549
0.01285078376531601
0.012325681746006012
0.012840786948800087
0.013173905201256275
0.01281737070530653
0.011626125313341618
0.013137122616171837
0.01292647048830986
0.01263879518955946
0.011570294387638569
0.011480591259896755
0.011241639032959938
0.010835542343556881
0.010141048580408096
0.009571600705385208
0.009144707582890987
0.008884134702384472
0.0098632937297225
0.010128792375326157
0.010311607271432877
0.01022760197520256
0.010593592189252377
0.01042182371020317
0.011147201992571354
0.011496002785861492
0.011039864271879196
0.010359378531575203
0.009372402913868427
0.009370056912302971
0.01004724856466055
0.010769606567919254
0.010811272077262402
0.010603085160255432
0.010991096496582031
0.01160818338394165
0.012367784045636654
0.012056066654622555
0.012532111257314682
0.012178301811218262
0.011579969897866249
0.012114997953176498
0.013099703937768936
0.014133298769593239
0.014329361729323864
0.01428748294711113
0.015858549624681473
0.015445662662386894
0.015361452475190163
0.01596163399517536
0.015207127667963505
0.014277981594204903
0.013865320011973381
0.01283975038677454
0.013413703069090843
0.013481734320521355
0.013582510873675346
0.012673815712332726
0.012607921846210957
0.011371888220310211
0.009755988605320454
0.009933975525200367
0.01038238313049078
0.009656086564064026
0.00923700537532568
0.008514542132616043
0.00930815190076828
0.00908229872584343
0.009445209987461567
0.009944302029907703
0.009893389418721199
0.009250612929463387
0.008174650371074677
0.012657811865210533
0.013181974180042744
0.013622447848320007
0.01358746737241745
0.012055731378495693
0.012908811680972576
0.013495959341526031
0.012877680361270905
0.013098749332129955
0.012600565329194069
0.011587017215788364
0.012014427222311497
0.011919054202735424
0.012314212508499622
0.012965412810444832
0.012321646325290203
0.012258995324373245
0.013018287718296051
0.012843125499784946
0.011721651069819927
0.012200522236526012
0.013733901083469391
0.013415108434855938
0.013780138455331326
0.013456713408231735
0.012555200606584549
0.01285078376531601
0.012325681746006012
0.012840786948800087
0.013173905201256275
0.01281737070530653
0.011626125313341618
0.013137122616171837
0.01292647048830986
0.01263879518955946
0.011570294387638569
0.011480591259896755
0.011241639032959938
0.010835542343556881
0.010141048580408096
0.009571600705385208
0.009144707582890987
0.008884134702384472
0.0098632937297225
0.010128792375326157
0.010311607271432877
0.01022760197520256
0.010593592189252377
0.01042182371020317
0.011147201992571354
0.011496002785861492
0.011039864271879196
0.010359378531575203
0.009372402913868427
0.009370056912302971
0.01004724856466055
0.010769606567919254
0.010811272077262402
0.010603085160255432
0.010991096496582031
0.01160818338394165
0.012367784045636654
0.012056066654622555
0.012532111257314682
0.012178301811218262
0.011579969897866249
0.012114997953176498
0.013099703937768936
0.014133298769593239
0.014329361729323864
0.01428748294711113
0.015858549624681473
0.015445662662386894
0.015361452475190163
0.01596163399517536
0.015207127667963505
0.014277981594204903
0.013865320011973381
0.01283975038677454
0.013413703069090843
0.013481734320521355
0.013582510873675346
0.012673815712332726
0.012607921846210957
0.011371888220310211
0.009755988605320454
0.009933975525200367
0.01038238313049078
0.009656086564064026
0.00923700537532568
0.008514542132616043
0.00930815190076828
0.00908229872584343
0.009445209987461567
0.009944302029907703
0.009893389418721199
0.009256607852876186
0.008095413446426392
0.012551382184028625
0.013174451887607574
0.013622447848320007
0.01358746737241745
0.012055731378495693
0.012908811680972576
0.013495959341526031
0.012877680361270905
0.013098749332129955
0.012600565329194069
0.011587017215788364
0.012014427222311497
0.011919054202735424
0.012314212508499622
0.012965412810444832
0.012321646325290203
0.012258995324373245
0.013018287718296051
0.012843125499784946
0.011721651069819927
0.012200522236526012
0.013733901083469391
0.013415108434855938
0.013780138455331326
0.013456713408231735
0.012555200606584549
0.01285078376531601
0.012325681746006012
0.012840786948800087
0.013173905201256275
0.01281737070530653
0.011626125313341618
0.013137122616171837
0.01292647048830986
0.01263879518955946
0.011570294387638569
0.011480591259896755
0.011241639032959938
0.010835542343556881
0.010141048580408096
0.009571600705385208
0.009144707582890987
0.008884134702384472
0.0098632937297225
0.010128792375326157
0.010311607271432877
0.01022760197520256
0.010593592189252377
0.01042182371020317
0.011147201992571354
0.011496002785861492
0.011039864271879196
0.010359378531575203
0.009372402913868427
0.009370056912302971
0.01004724856466055
0.010769606567919254
0.010811272077262402
0.010603085160255432
0.010991096496582031
0.01160818338394165
0.012367784045636654
0.012056066654622555
0.012532111257314682
0.012178301811218262
0.011579969897866249
0.012114997953176498
0.013099703937768936
0.014133298769593239
0.014329361729323864
0.01428748294711113
0.015858549624681473
0.015445662662386894
0.015361452475190163
0.01596163399517536
0.015207127667963505
0.014277981594204903
0.013865320011973381
0.01283975038677454
0.013413703069090843
0.013481734320521355
0.013582510873675346
0.012673815712332726
0.012607921846210957
0.011371888220310211
0.009755988605320454
0.009933975525200367
0.01038238313049078
0.009656086564064026
0.00923700537532568
0.008514542132616043
0.00930815190076828
0.00908229872584343
0.009445209987461567
0.009944302029907703
0.009893389418721199
0.00928586721420288
0.008134678937494755
0.01242445781826973
0.01313074305653572
0.013622447848320007
0.01358746737241745
0.012055731378495693
0.012908811680972576
0.013495959341526031
0.012877680361270905
0.013098749332129955
0.012600565329194069
0.011587017215788364
0.012014427222311497
0.011919054202735424
0.012314212508499622
0.012965412810444832
0.012321646325290203
0.012258995324373245
0.013018287718296051
0.012843125499784946
0.011721651069819927
0.012200522236526012
0.013733901083469391
0.013415108434855938
0.013780138455331326
0.013456713408231735
0.012555200606584549
0.01285078376531601
0.012325681746006012
0.012840786948800087
0.013173905201256275
0.01281737070530653
0.011626125313341618
0.013137122616171837
0.01292647048830986
0.01263879518955946
0.011570294387638569
0.011480591259896755
0.011241639032959938
0.010835542343556881
0.010141048580408096
0.009571600705385208
0.009144707582890987
0.008884134702384472
0.0098632937297225
0.010128792375326157
0.010311607271432877
0.01022760197520256
0.010593592189252377
0.01042182371020317
0.011147201992571354
0.011496002785861492
0.011039864271879196
0.010359378531575203
0.009372402913868427
0.009370056912302971
0.01004724856466055
0.010769606567919254
0.010811272077262402
0.010603085160255432
0.010991096496582031
0.01160818338394165
0.012367784045636654
0.012056066654622555
0.012532111257314682
0.012178301811218262
0.011579969897866249
0.012114997953176498
0.013099703937768936
0.014133298769593239
0.014329361729323864
0.01428748294711113
0.015858549624681473
0.015445662662386894
0.015361452475190163
0.01596163399517536
0.015207127667963505
0.014277981594204903
0.013865320011973381
0.01283975038677454
0.013413703069090843
0.013481734320521355
0.013582510873675346
0.012673815712332726
0.012607921846210957
0.011371888220310211
0.009755988605320454
0.009933975525200367
0.01038238313049078
0.009656086564064026
0.00923700537532568
0.008514542132616043
0.00930815190076828
0.00908229872584343
0.009445209987461567
0.009944302029907703
0.009893389418721199
0.009284098632633686
0.008068275637924671
0.012666241265833378
0.013164766132831573
0.013622447848320007
0.01358746737241745
0.012055731378495693
0.012908811680972576
0.013495959341526031
0.012877680361270905
0.013098749332129955
0.012600565329194069
0.011587017215788364
0.012014427222311497
0.011919054202735424
0.012314212508499622
0.012965412810444832
0.012321646325290203
0.012258995324373245
0.013018287718296051
0.012843125499784946
0.011721651069819927
0.012200522236526012
0.013733901083469391
0.013415108434855938
0.013780138455331326
0.013456713408231735
0.012555200606584549
0.01285078376531601
0.012325681746006012
0.012840786948800087
0.013173905201256275
0.01281737070530653
0.011626125313341618
0.013137122616171837
0.01292647048830986
0.01263879518955946
0.011570294387638569
0.011480591259896755
0.011241639032959938
0.010835542343556881
0.010141048580408096
0.009571600705385208
0.009144707582890987
0.008884134702384472
0.0098632937297225
0.010128792375326157
0.010311607271432877
0.01022760197520256
0.010593592189252377
0.01042182371020317
0.011147201992571354
0.011496002785861492
0.011039864271879196
0.010359378531575203
0.009372402913868427
0.009370056912302971
0.01004724856466055
0.010769606567919254
0.010811272077262402
0.010603085160255432
0.010991096496582031
0.01160818338394165
0.012367784045636654
0.012056066654622555
0.012532111257314682
0.012178301811218262
0.011579969897866249
0.012114997953176498
0.013099703937768936
0.014133298769593239
0.014329361729323864
0.01428748294711113
0.015858549624681473
0.015445662662386894
0.015361452475190163
0.01596163399517536
0.015207127667963505
0.014277981594204903
0.013865320011973381
0.01283975038677454
0.013413703069090843
0.013481734320521355
0.013582510873675346
0.012673815712332726
0.012607921846210957
0.011371888220310211
0.009755988605320454
0.009933975525200367
0.01038238313049078
0.009656086564064026
0.00923700537532568
0.008514542132616043
0.00930815190076828
0.00908229872584343
0.009445209987461567
0.009944302029907703
0.009893389418721199
0.00919920764863491
0.008152550086379051
0.012578397989273071
0.013137895613908768
0.013622447848320007
0.01358746737241745
0.012055731378495693
0.012908811680972576
0.013495959341526031
0.012877680361270905
0.013098749332129955
0.012600565329194069
0.011587017215788364
0.012014427222311497
0.011919054202735424
0.012314212508499622
0.012965412810444832
0.012321646325290203
0.012258995324373245
0.013018287718296051
0.012843125499784946
0.011721651069819927
0.012200522236526012
0.013733901083469391
0.013415108434855938
0.013780138455331326
0.013456713408231735
0.012555200606584549
0.01285078376531601
0.012325681746006012
0.012840786948800087
0.013173905201256275
0.01281737070530653
0.011626125313341618
0.013137122616171837
0.01292647048830986
0.01263879518955946
0.011570294387638569
0.011480591259896755
0.011241639032959938
0.010835542343556881
0.010141048580408096
0.009571600705385208
0.009144707582890987
0.008884134702384472
0.0098632937297225
0.010128792375326157
0.010311607271432877
0.01022760197520256
0.010593592189252377
0.01042182371020317
0.011147201992571354
0.011496002785861492
0.011039864271879196
0.010359378531575203
0.009372402913868427
0.009370056912302971
0.01004724856466055
0.010769606567919254
0.010811272077262402
0.010603085160255432
0.010991096496582031
0.01160818338394165
0.012367784045636654
0.012056066654622555
0.012532111257314682
0.012178301811218262
0.011579969897866249
0.012114997953176498
0.013099703937768936
0.014133298769593239
0.014329361729323864
0.01428748294711113
0.015858549624681473
0.015445662662386894
0.015361452475190163
0.01596163399517536
0.015207127667963505
0.014277981594204903
0.013865320011973381
0.01283975038677454
0.013413703069090843
0.013481734320521355
0.013582510873675346
0.012673815712332726
0.012607921846210957
0.011371888220310211
0.009755988605320454
0.009933975525200367
0.01038238313049078
0.009656086564064026
0.00923700537532568
0.008514542132616043
0.00930815190076828
0.00908229872584343
0.009445209987461567
0.009944302029907703
0.009893389418721199
0.009256607852876186
0.008095413446426392
0.012551382184028625
0.013174451887607574
0.013622447848320007
0.01358746737241745
0.012055731378495693
0.012908811680972576
0.013495959341526031
0.012877680361270905
0.013098749332129955
0.012600565329194069
0.011587017215788364
0.012014427222311497
0.011919054202735424
0.012314212508499622
0.012965412810444832
0.012321646325290203
0.012258995324373245
0.013018287718296051
0.012843125499784946
0.011721651069819927
0.012200522236526012
0.013733901083469391
0.013415108434855938
0.013780138455331326
0.013456713408231735
0.012555200606584549
0.01285078376531601
0.012325681746006012
0.012840786948800087
0.013173905201256275
0.01281737070530653
0.011626125313341618
0.013137122616171837
0.01292647048830986
0.01263879518955946
0.011570294387638569
0.011480591259896755
0.011241639032959938
0.010835542343556881
0.010141048580408096
0.009571600705385208
0.009144707582890987
0.008884134702384472
0.0098632937297225
0.010128792375326157
0.010311607271432877
0.01022760197520256
0.010593592189252377
0.01042182371020317
0.011147201992571354
0.011496002785861492
0.011039864271879196
0.010359378531575203
0.009372402913868427
0.009370056912302971
0.01004724856466055
0.010769606567919254
0.010811272077262402
0.010603085160255432
0.010991096496582031
0.01160818338394165
0.012367784045636654
0.012056066654622555
0.012532111257314682
0.012178301811218262
0.011579969897866249
0.012114997953176498
0.013099703937768936
0.014133298769593239
0.014329361729323864
0.01428748294711113
0.015858549624681473
0.015445662662386894
0.015361452475190163
0.01596163399517536
0.015207127667963505
0.014277981594204903
0.013865320011973381
0.01283975038677454
0.013413703069090843
0.013481734320521355
0.013582510873675346
0.012673815712332726
0.012607921846210957
0.011371888220310211
0.009755988605320454
0.009933975525200367
0.01038238313049078
0.009656086564064026
0.00923700537532568
0.008514542132616043
0.00930815190076828
0.00908229872584343
0.009445209987461567
0.009944302029907703
0.009893389418721199
0.009213853627443314
0.008079762570559978
0.012541488744318485
0.013120651245117188
0.013622447848320007
0.01358746737241745
0.012055731378495693
0.012908811680972576
0.013495959341526031
0.012877680361270905
0.013098749332129955
0.012600565329194069
0.011587017215788364
0.012014427222311497
0.011919054202735424
0.012314212508499622
0.012965412810444832
0.012321646325290203
0.012258995324373245
0.013018287718296051
0.012843125499784946
0.011721651069819927
0.012200522236526012
0.013733901083469391
0.013415108434855938
0.013780138455331326
0.013456713408231735
0.012555200606584549
0.01285078376531601
0.012325681746006012
0.012840786948800087
0.013173905201256275
0.01281737070530653
0.011626125313341618
0.013137122616171837
0.01292647048830986
0.01263879518955946
0.011570294387638569
0.011480591259896755
0.011241639032959938
0.010835542343556881
0.010141048580408096
0.009571600705385208
0.009144707582890987
0.008884134702384472
0.0098632937297225
0.010128792375326157
0.010311607271432877
0.01022760197520256
0.010593592189252377
0.01042182371020317
0.011147201992571354
0.011496002785861492
0.011039864271879196
0.010359378531575203
0.009372402913868427
0.009370056912302971
0.01004724856466055
0.010769606567919254
0.010811272077262402
0.010603085160255432
0.010991096496582031
0.01160818338394165
0.012367784045636654
0.012056066654622555
0.012532111257314682
0.012178301811218262
0.011579969897866249
0.012114997953176498
0.013099703937768936
0.014133298769593239
0.014329361729323864
0.01428748294711113
0.015858549624681473
0.015445662662386894
0.015361452475190163
0.01596163399517536
0.015207127667963505
0.014277981594204903
0.013865320011973381
0.01283975038677454
0.013413703069090843
0.013481734320521355
0.013582510873675346
0.012673815712332726
0.012607921846210957
0.011371888220310211
0.009755988605320454
0.009933975525200367
0.01038238313049078
0.009656086564064026
0.00923700537532568
0.008514542132616043
0.00930815190076828
0.00908229872584343
0.009445209987461567
0.009944302029907703
0.009893389418721199
0.009256607852876186
0.008095413446426392
0.012551382184028625
0.013174451887607574
0.013622447848320007
0.01358746737241745
0.012055731378495693
0.012908811680972576
0.013495959341526031
0.012877680361270905
0.013098749332129955
0.012600565329194069
0.011587017215788364
0.012014427222311497
0.011919054202735424
0.012314212508499622
0.012965412810444832
0.012321646325290203
0.012258995324373245
0.013018287718296051
0.012843125499784946
0.011721651069819927
0.005090741440653801
0.004854894708842039
0.004576559644192457
0.004508138168603182
0.004032949451357126
0.004398530814796686
0.005187337286770344
0.004306935239583254
0.0038230987265706062
0.0033219982869923115
0.0039263092912733555
0.005687057971954346
0.0048512062057852745
0.003989013377577066
0.0036444757133722305
0.004160492680966854
0.005170575808733702
0.005785414483398199
0.007694457657635212
0.006356413476169109
0.004194935783743858
0.005060904193669558
0.004999211058020592
0.004476466681808233
0.004494315013289452
0.0047837202437222
0.0047241137363016605
0.003452036064118147
0.002038208767771721
0.0033311089500784874
0.004217833746224642
0.0048417262732982635
0.004762588534504175
0.004379040561616421
0.003894141875207424
0.004749015439301729
0.0052047837525606155
0.005823428742587566
0.006575185805559158
0.006434527225792408
0.006795219611376524
0.006555746775120497
0.0062564583495259285
0.004326035734266043
0.004443897400051355
0.004444602411240339
0.005049223080277443
0.00546551588922739
0.005750501062721014
0.006067821290344
0.004147418774664402
0.004562608897686005
0.004508138168603182
0.004032949451357126
0.004398530814796686
0.005187337286770344
0.004306935239583254
0.0038230987265706062
0.0033219982869923115
0.0039263092912733555
0.005687057971954346
0.0048512062057852745
0.003989013377577066
0.0036444757133722305
0.004160492680966854
0.005170575808733702
0.005785414483398199
0.007694457657635212
0.006356413476169109
0.004194935783743858
0.005060904193669558
0.004999211058020592
0.004476466681808233
0.004494315013289452
0.0047837202437222
0.0047241137363016605
0.003452036064118147
0.002038208767771721
0.0033311089500784874
0.004217833746224642
0.0048417262732982635
0.004762588534504175
0.004379040561616421
0.003894141875207424
0.004749015439301729
0.0052047837525606155
0.005823428742587566
0.006575185805559158
0.006434527225792408
0.006795219611376524
0.006555746775120497
0.0062564583495259285
0.004326035734266043
0.004443897400051355
0.004444602411240339
0.005049223080277443
0.00546551588922739
0.005750501062721014
0.006067821290344
0.004147418774664402
0.004562608897686005
0.004508138168603182
0.004032949451357126
0.004398530814796686
0.005187337286770344
0.004306935239583254
0.0038230987265706062
0.0033219982869923115
0.0039263092912733555
0.005687057971954346
0.0048512062057852745
0.003989013377577066
0.0036444757133722305
0.004160492680966854
0.005170575808733702
0.005785414483398199
0.007694457657635212
0.006356413476169109
0.004194935783743858
0.005060904193669558
0.004999211058020592
0.004476466681808233
0.004494315013289452
0.0047837202437222
0.0047241137363016605
0.003452036064118147
0.002038208767771721
0.0033311089500784874
0.004217833746224642
0.0048417262732982635
0.004762588534504175
0.004379040561616421
0.003894141875207424
0.004749015439301729
0.0052047837525606155
0.005823428742587566
0.006575185805559158
0.006434527225792408
0.006795219611376524
0.006555746775120497
0.0062564583495259285
0.004326035734266043
0.004443897400051355
0.004444602411240339
0.005049223080277443
0.00546551588922739
0.005750501062721014
0.006067821290344
0.004147418774664402
0.004562608897686005
0.004508138168603182
0.004032949451357126
0.004398530814796686
0.005187337286770344
0.004306935239583254
0.0038230987265706062
0.0033219982869923115
0.0039263092912733555
0.005687057971954346
0.0048512062057852745
0.003989013377577066
0.0036444757133722305
0.004160492680966854
0.005170575808733702
0.005785414483398199
0.007694457657635212
0.006356413476169109
0.004194935783743858
0.005060904193669558
0.004999211058020592
0.004476466681808233
0.004494315013289452
0.0047837202437222
0.0047241137363016605
0.003452036064118147
0.002038208767771721
0.0033311089500784874
0.004217833746224642
0.0048417262732982635
0.004762588534504175
0.004379040561616421
0.003894141875207424
0.004749015439301729
0.0052047837525606155
0.005823428742587566
0.006575185805559158
0.006434527225792408
0.006795219611376524
0.006555746775120497
0.0062564583495259285
0.004326035734266043
0.004443897400051355
0.004444602411240339
0.005049223080277443
0.00546551588922739
0.005750501062721014
0.006067821290344
0.004147418774664402
0.004562608897686005
0.004508138168603182
0.004032949451357126
0.004398530814796686
0.005187337286770344
0.004306935239583254
0.0038230987265706062
0.0033219982869923115
0.0039263092912733555
0.005687057971954346
0.0048512062057852745
0.003989013377577066
0.0036444757133722305
0.004160492680966854
0.005170575808733702
0.005785414483398199
0.007694457657635212
0.006356413476169109
0.004194935783743858
0.005060904193669558
0.004999211058020592
0.004476466681808233
0.004494315013289452
0.0047837202437222
0.0047241137363016605
0.003452036064118147
0.002038208767771721
0.0033311089500784874
0.004217833746224642
0.0048417262732982635
0.004762588534504175
0.004379040561616421
0.003894141875207424
0.004749015439301729
0.0052047837525606155
0.005823428742587566
0.006575185805559158
0.006434527225792408
0.006795219611376524
0.006555746775120497
0.0062564583495259285
0.004326035734266043
0.004443897400051355
0.004444602411240339
0.005049223080277443
0.00546551588922739
0.005750501062721014
0.006067821290344
0.004147418774664402
0.004562608897686005
0.004508138168603182
0.004032949451357126
0.004398530814796686
0.005187337286770344
0.004306935239583254
0.0038230987265706062
0.0033219982869923115
0.0039263092912733555
0.005687057971954346
0.0048512062057852745
0.003989013377577066
0.0036444757133722305
0.004160492680966854
0.005170575808733702
0.005785414483398199
0.007694457657635212
0.006356413476169109
0.004194935783743858
0.005060904193669558
0.004999211058020592
0.004476466681808233
0.004494315013289452
0.0047837202437222
0.0047241137363016605
0.003452036064118147
0.002038208767771721
0.0033311089500784874
0.004217833746224642
0.0048417262732982635
0.004762588534504175
0.004379040561616421
0.003894141875207424
0.004749015439301729
0.0052047837525606155
0.005823428742587566
0.006575185805559158
0.006434527225792408
0.006795219611376524
0.006555746775120497
0.0062564583495259285
0.004326035734266043
0.004443897400051355
0.004444602411240339
0.005049223080277443
0.00546551588922739
0.005750501062721014
0.006067821290344
0.004147418774664402
0.004562608897686005
0.004508138168603182
0.004032949451357126
0.004398530814796686
0.005187337286770344
0.004306935239583254
0.0038230987265706062
0.0033219982869923115
0.0039263092912733555
0.005687057971954346
0.0048512062057852745
0.003989013377577066
0.0036444757133722305
0.004160492680966854
0.005170575808733702
0.005785414483398199
0.007694457657635212
0.006356413476169109
0.004194935783743858
0.005060904193669558
0.004999211058020592
0.004476466681808233
0.004494315013289452
0.0047837202437222
0.0047241137363016605
0.003452036064118147
0.002038208767771721
0.0033311089500784874
0.004217833746224642
0.0048417262732982635
0.004762588534504175
0.004379040561616421
0.003894141875207424
0.004749015439301729
0.0052047837525606155
0.005823428742587566
0.006575185805559158
0.006434527225792408
0.006795219611376524
0.006555746775120497
0.0062564583495259285
0.004326035734266043
0.004443897400051355
0.004444602411240339
0.005049223080277443
0.00546551588922739
0.005750501062721014
0.006067821290344
0.004147418774664402
0.004562608897686005
0.004508138168603182
0.004032949451357126
0.004398530814796686
0.005187337286770344
0.004306935239583254
0.0038230987265706062
0.0033219982869923115
0.0039263092912733555
0.005687057971954346
0.0048512062057852745
0.003989013377577066
0.0036444757133722305
0.004160492680966854
0.005170575808733702
0.005785414483398199
0.007694457657635212
0.006356413476169109
0.004194935783743858
0.005060904193669558
0.004999211058020592
0.004476466681808233
0.004494315013289452
0.0047837202437222
0.0047241137363016605
0.003452036064118147
0.002038208767771721
0.0033311089500784874
0.004217833746224642
0.0048417262732982635
0.004762588534504175
0.004379040561616421
0.003894141875207424
0.004749015439301729
0.0052047837525606155
0.005823428742587566
0.006575185805559158
0.006434527225792408
0.006795219611376524
0.006555746775120497
0.0062564583495259285
0.004326035734266043
0.004443897400051355
0.004444602411240339
0.005049223080277443
0.00546551588922739
0.005750501062721014
0.006067821290344
0.004147418774664402
0.004562608897686005
0.004508138168603182
0.004032949451357126
0.004398530814796686
0.005187337286770344
0.004306935239583254
0.0038230987265706062
0.0033219982869923115
0.0039263092912733555
0.005687057971954346
0.0048512062057852745
0.003989013377577066
0.0036444757133722305
0.004160492680966854
0.005170575808733702
0.005785414483398199
0.007694457657635212
0.006356413476169109
0.004194935783743858
0.005060904193669558
0.004999211058020592
0.004476466681808233
0.004494315013289452
0.0047837202437222
0.0047241137363016605
0.003452036064118147
0.002038208767771721
0.0033311089500784874
0.004217833746224642
0.0048417262732982635
0.004762588534504175
0.004379040561616421
0.003894141875207424
0.004749015439301729
0.0052047837525606155
0.005823428742587566
0.006575185805559158
0.006434527225792408
0.006795219611376524
0.006555746775120497
0.0062564583495259285
0.004326035734266043
0.004443897400051355
0.004444602411240339
0.005049223080277443
0.00546551588922739
0.005750501062721014
0.006067821290344
0.004147418774664402
0.004562608897686005
0.004508138168603182
0.004032949451357126
0.004398530814796686
0.005187337286770344
0.004306935239583254
0.0038230987265706062
0.0033219982869923115
0.0039263092912733555
0.005687057971954346
0.0048512062057852745
0.003989013377577066
0.0036444757133722305
0.004160492680966854
0.005170575808733702
0.005785414483398199
0.007694457657635212
0.006356413476169109
0.004194935783743858
0.005060904193669558
0.004999211058020592
0.004476466681808233
0.004494315013289452
0.0047837202437222
0.0047241137363016605
0.003452036064118147
0.002038208767771721
0.0033311089500784874
0.004217833746224642
0.0048417262732982635
0.004762588534504175
0.004379040561616421
0.003894141875207424
0.004749015439301729
0.0052047837525606155
0.005823428742587566
0.006575185805559158
0.006434527225792408
0.006795219611376524
0.006555746775120497
0.0062564583495259285
0.004326035734266043
0.004443897400051355
0.004444602411240339
0.005049223080277443
0.00546551588922739
0.005750501062721014
0.006067821290344
0.004147418774664402
0.004562608897686005
0.004508138168603182
0.004032949451357126
0.004398530814796686
0.005187337286770344
0.004306935239583254
0.0038230987265706062
0.0033219982869923115
0.0039263092912733555
0.005687057971954346
0.0048512062057852745
0.003989013377577066
0.0036444757133722305
0.004160492680966854
0.005170575808733702
0.005785414483398199
0.007694457657635212
0.006356413476169109
0.004194935783743858
0.005060904193669558
0.004999211058020592
0.004476466681808233
0.004494315013289452
0.0047837202437222
0.0047241137363016605
0.003452036064118147
0.002038208767771721
0.0033311089500784874
0.004217833746224642
0.0048417262732982635
0.004762588534504175
0.004379040561616421
0.003894141875207424
0.004749015439301729
0.0052047837525606155
0.005823428742587566
0.006575185805559158
0.006434527225792408
0.006795219611376524
0.006555746775120497
0.0062564583495259285
0.004326035734266043
0.004443897400051355
0.004444602411240339
0.005049223080277443
0.00546551588922739
0.005750501062721014
0.006067821290344
0.004147418774664402
0.004562608897686005
0.004508138168603182
0.004032949451357126
0.004398530814796686
0.005187337286770344
0.004306935239583254
0.0038230987265706062
0.0033219982869923115
0.0039263092912733555
0.005687057971954346
0.0048512062057852745
0.003989013377577066
0.0036444757133722305
0.004160492680966854
0.005170575808733702
0.005785414483398199
0.007694457657635212
0.006356413476169109
0.004194935783743858
0.005060904193669558
0.004999211058020592
0.004476466681808233
0.004494315013289452
0.0047837202437222
0.0047241137363016605
0.003452036064118147
0.002038208767771721
0.0033311089500784874
0.004217833746224642
0.0048417262732982635
0.004762588534504175
0.004379040561616421
0.003894141875207424
0.004749015439301729
0.0052047837525606155
0.005823428742587566
0.006575185805559158
0.006434527225792408
0.006795219611376524
0.006555746775120497
0.0062564583495259285
0.004326035734266043
0.004443897400051355
0.004444602411240339
0.005049223080277443
0.00546551588922739
0.005750501062721014
0.006067821290344
0.004147418774664402
0.004562608897686005
0.004508138168603182
0.004032949451357126
0.004398530814796686
0.005187337286770344
0.004306935239583254
0.0038230987265706062
0.0033219982869923115
0.0039263092912733555
0.005687057971954346
0.0048512062057852745
0.003989013377577066
0.0036444757133722305
0.004160492680966854
0.005170575808733702
0.005785414483398199
0.007694457657635212
0.006356413476169109
0.004194935783743858
0.005060904193669558
0.004999211058020592
0.004476466681808233
0.004494315013289452
0.0047837202437222
0.0047241137363016605
0.003452036064118147
0.002038208767771721
0.0033311089500784874
0.004217833746224642
0.0048417262732982635
0.004762588534504175
0.004379040561616421
0.003894141875207424
0.004749015439301729
0.0052047837525606155
0.005823428742587566
0.006575185805559158
0.006434527225792408
0.006795219611376524
0.006555746775120497
0.0062564583495259285
0.004326035734266043
0.004443897400051355
0.004444602411240339
0.005049223080277443
0.00546551588922739
0.005750501062721014
0.006067821290344
0.004147418774664402
0.004562608897686005
0.004508138168603182
0.004032949451357126
0.004398530814796686
0.005187337286770344
0.004306935239583254
0.0038230987265706062
0.0033219982869923115
0.0039263092912733555
0.005687057971954346
0.0048512062057852745
0.003989013377577066
0.0036444757133722305
0.004160492680966854
0.005170575808733702
0.005785414483398199
0.007694457657635212
0.006356413476169109
0.004194935783743858
0.005060904193669558
0.004999211058020592
0.004476466681808233
0.004494315013289452
0.0047837202437222
0.0047241137363016605
0.003452036064118147
0.002038208767771721
0.0033311089500784874
0.004217833746224642
0.0048417262732982635
0.004762588534504175
0.004379040561616421
0.003894141875207424
0.004749015439301729
0.0052047837525606155
0.005823428742587566
0.006575185805559158
0.006434527225792408
0.006795219611376524
0.006555746775120497
0.0062564583495259285
0.004326035734266043
0.004443897400051355
0.004444602411240339
0.005049223080277443
0.00546551588922739
0.005750501062721014
0.006067821290344
0.004147418774664402
0.004562608897686005
0.004508138168603182
0.004032949451357126
0.004398530814796686
0.005187337286770344
0.004306935239583254
0.0038230987265706062
0.0033219982869923115
0.0039263092912733555
0.005687057971954346
0.0048512062057852745
0.003989013377577066
0.0036444757133722305
0.004160492680966854
0.005170575808733702
0.005785414483398199
0.007694457657635212
0.006356413476169109
0.004194935783743858
0.005060904193669558
0.004999211058020592
0.004476466681808233
0.004494315013289452
0.0047837202437222
0.0047241137363016605
0.003452036064118147
0.002038208767771721
0.0033311089500784874
0.004217833746224642
0.0048417262732982635
0.004762588534504175
0.004379040561616421
0.003894141875207424
0.004749015439301729
0.0052047837525606155
0.005823428742587566
0.006575185805559158
0.006434527225792408
0.006795219611376524
0.006555746775120497
0.0062564583495259285
0.004326035734266043
0.004443897400051355
0.004444602411240339
0.005049223080277443
0.00546551588922739
0.005750501062721014
0.006067821290344
0.004147418774664402
0.004562608897686005
0.004508138168603182
0.004032949451357126
0.004398530814796686
0.005187337286770344
0.004306935239583254
0.0038230987265706062
0.0033219982869923115
0.0039263092912733555
0.005687057971954346
0.0048512062057852745
0.003989013377577066
0.0036444757133722305
0.004160492680966854
0.005170575808733702
0.005785414483398199
0.007694457657635212
0.006356413476169109
0.004194935783743858
0.005060904193669558
0.004999211058020592
0.004476466681808233
0.004494315013289452
0.0047837202437222
0.0047241137363016605
0.003452036064118147
0.002038208767771721
0.0033311089500784874
0.004217833746224642
0.0048417262732982635
0.004762588534504175
0.004379040561616421
0.003894141875207424
0.004749015439301729
0.0052047837525606155
0.005823428742587566
0.006575185805559158
0.006434527225792408
0.006795219611376524
0.006555746775120497
0.0062564583495259285
0.004326035734266043
0.004443897400051355
0.004444602411240339
0.005049223080277443
0.00546551588922739
0.005750501062721014
0.006067821290344
0.004147418774664402
0.004562608897686005
0.004508138168603182
0.004032949451357126
0.004398530814796686
0.005187337286770344
0.004306935239583254
0.0038230987265706062
0.0033219982869923115
0.0039263092912733555
0.005687057971954346
0.0048512062057852745
0.003989013377577066
0.0036444757133722305
0.004160492680966854
0.005170575808733702
0.005785414483398199
0.007694457657635212
0.006356413476169109
0.004194935783743858
0.005060904193669558
0.004999211058020592
0.004476466681808233
0.004494315013289452
0.0047837202437222
0.0047241137363016605
0.003452036064118147
0.002038208767771721
0.0033311089500784874
0.004217833746224642
0.0048417262732982635
0.004762588534504175
0.004379040561616421
0.003894141875207424
0.004749015439301729
0.0052047837525606155
0.005823428742587566
0.006575185805559158
0.006434527225792408
0.006795219611376524
0.006555746775120497
0.0062564583495259285
0.004326035734266043
0.004443897400051355
0.004444602411240339
0.005049223080277443
0.00546551588922739
0.005750501062721014
0.006067821290344
0.004147418774664402
0.004562608897686005
0.004508138168603182
0.004032949451357126
0.004398530814796686
0.005187337286770344
0.004306935239583254
0.0038230987265706062
0.0033219982869923115
0.0039263092912733555
0.005687057971954346
0.0048512062057852745
0.003989013377577066
0.0036444757133722305
0.004160492680966854
0.005170575808733702
0.005785414483398199
0.007694457657635212
0.006356413476169109
0.004194935783743858
0.005060904193669558
0.004999211058020592
0.004476466681808233
0.004494315013289452
0.0047837202437222
0.0047241137363016605
0.003452036064118147
0.002038208767771721
0.0033311089500784874
0.004217833746224642
0.0048417262732982635
0.004762588534504175
0.004379040561616421
0.003894141875207424
0.004749015439301729
0.0052047837525606155
0.005823428742587566
0.006575185805559158
0.006434527225792408
0.006795219611376524
0.006555746775120497
0.0062564583495259285
0.004326035734266043
0.004443897400051355
0.004444602411240339
0.005049223080277443
0.00546551588922739
0.005750501062721014
0.006067821290344
0.004147418774664402
0.004562608897686005
0.004508138168603182
0.004032949451357126
0.004398530814796686
0.005187337286770344
0.004306935239583254
0.0038230987265706062
0.0033219982869923115
0.0039263092912733555
0.005687057971954346
0.0048512062057852745
0.003989013377577066
0.0036444757133722305
0.004160492680966854
0.005170575808733702
0.005785414483398199
0.007694457657635212
0.006356413476169109
0.004194935783743858
0.005060904193669558
0.004999211058020592
0.004476466681808233
0.004494315013289452
0.0047837202437222
0.0047241137363016605
0.003452036064118147
0.002038208767771721
0.0033311089500784874
0.004217833746224642
0.0048417262732982635
0.004762588534504175
0.004379040561616421
0.003894141875207424
0.004749015439301729
0.0052047837525606155
0.005823428742587566
0.006575185805559158
0.006434527225792408
0.006795219611376524
0.006555746775120497
0.0062564583495259285
0.004326035734266043
0.004443897400051355
0.004444602411240339
0.005049223080277443
0.00546551588922739
0.005750501062721014
0.006067821290344
0.004147418774664402
0.004562608897686005
0.004508138168603182
0.004032949451357126
0.004398530814796686
0.005187337286770344
0.004306935239583254
0.0038230987265706062
0.0033219982869923115
0.0039263092912733555
0.005687057971954346
0.0048512062057852745
0.003989013377577066
0.0036444757133722305
0.004160492680966854
0.005170575808733702
0.005785414483398199
0.007694457657635212
0.006356413476169109
0.004194935783743858
0.005060904193669558
0.004999211058020592
0.004476466681808233
0.004494315013289452
0.0047837202437222
0.0047241137363016605
0.003452036064118147
0.002038208767771721
0.0033311089500784874
0.004217833746224642
0.0048417262732982635
0.004762588534504175
0.004379040561616421
0.003894141875207424
0.004749015439301729
0.0052047837525606155
0.005823428742587566
0.006575185805559158
0.006434527225792408
0.006795219611376524
0.006555746775120497
0.0062564583495259285
0.004326035734266043
0.004443897400051355
0.004444602411240339
0.005049223080277443
0.00546551588922739
0.005750501062721014
0.006067821290344
0.004147418774664402
0.004562608897686005
0.004508138168603182
0.004032949451357126
0.004398530814796686
0.005187337286770344
0.004306935239583254
0.0038230987265706062
0.0033219982869923115
0.0039263092912733555
0.005687057971954346
0.0048512062057852745
0.003989013377577066
0.0036444757133722305
0.004160492680966854
0.005170575808733702
0.005785414483398199
0.007694457657635212
0.006356413476169109
0.0054164971224963665
0.0051740119233727455
0.00538681959733367
0.00558655196800828
0.00553726265206933
0.005350968334823847
0.0059617687948048115
0.006628862582147121
0.006384649779647589
0.007368189282715321
0.00786864385008812
0.008848925121128559
0.009003491140902042
0.008424270898103714
0.008149875327944756
0.007147286087274551
0.006977709475904703
0.00740093644708395
0.00901864841580391
0.0075783878564834595
0.006279739551246166
0.006562115624547005
0.006221607327461243
0.006775856949388981
0.007220112252980471
0.0077269067987799644
0.008409920148551464
0.007657937705516815
0.007772091310471296
0.008315385319292545
0.00814278144389391
0.008393336087465286
0.008695085532963276
0.007962629199028015
0.006564009003341198
0.006949445698410273
0.007478943094611168
0.00805828906595707
0.007365424185991287
0.00763316173106432
0.00712414737790823
0.007225066889077425
0.0075135612860322
0.0070720249786973
0.006555091589689255
0.0068863555788993835
0.007125582080334425
0.0076358080841600895
0.0070349909365177155
0.007230953313410282
0.006624619942158461
0.006788160651922226
0.007522758096456528
0.008467885665595531
0.007990900427103043
0.007880514487624168
0.008108650334179401
0.00714673288166523
0.007352117449045181
0.006695871241390705
0.006733808666467667
0.00610653031617403
0.004841493908315897
0.005325066391378641
0.006090473849326372
0.00536448834463954
0.00558655196800828
0.00553726265206933
0.005350968334823847
0.0059617687948048115
0.006628862582147121
0.006384649779647589
0.007368189282715321
0.00786864385008812
0.008848925121128559
0.009003491140902042
0.008424270898103714
0.008149875327944756
0.007147286087274551
0.006977709475904703
0.00740093644708395
0.00901864841580391
0.0075783878564834595
0.006279739551246166
0.006562115624547005
0.006221607327461243
0.006775856949388981
0.007220112252980471
0.0077269067987799644
0.008409920148551464
0.007657937705516815
0.007772091310471296
0.008315385319292545
0.00814278144389391
0.008393336087465286
0.008695085532963276
0.007962629199028015
0.006564009003341198
0.006949445698410273
0.007478943094611168
0.00805828906595707
0.007365424185991287
0.00763316173106432
0.00712414737790823
0.007225066889077425
0.0075135612860322
0.0070720249786973
0.006555091589689255
0.0068863555788993835
0.007125582080334425
0.0076358080841600895
0.0070349909365177155
0.007230953313410282
0.006624619942158461
0.006788160651922226
0.007522758096456528
0.008467885665595531
0.007990900427103043
0.007880514487624168
0.008108650334179401
0.00714673288166523
0.007352117449045181
0.006695871241390705
0.006733808666467667
0.00610653031617403
0.004841493908315897
0.005325066391378641
0.006090473849326372
0.00536448834463954
0.00558655196800828
0.00553726265206933
0.005350968334823847
0.0059617687948048115
0.006628862582147121
0.006384649779647589
0.007368189282715321
0.00786864385008812
0.008848925121128559
0.009003491140902042
0.008424270898103714
0.008149875327944756
0.007147286087274551
0.006977709475904703
0.00740093644708395
0.00901864841580391
0.0075783878564834595
0.006279739551246166
0.006562115624547005
0.006221607327461243
0.006775856949388981
0.007220112252980471
0.0077269067987799644
0.008409920148551464
0.007657937705516815
0.007772091310471296
0.008315385319292545
0.00814278144389391
0.008393336087465286
0.008695085532963276
0.007962629199028015
0.006564009003341198
0.006949445698410273
0.007478943094611168
0.00805828906595707
0.007365424185991287
0.00763316173106432
0.00712414737790823
0.007225066889077425
0.0075135612860322
0.0070720249786973
0.006555091589689255
0.0068863555788993835
0.007125582080334425
0.0076358080841600895
0.0070349909365177155
0.007230953313410282
0.006624619942158461
0.006788160651922226
0.007522758096456528
0.008467885665595531
0.007990900427103043
0.007880514487624168
0.008108650334179401
0.00714673288166523
0.007352117449045181
0.006695871241390705
0.006733808666467667
0.00610653031617403
0.004841493908315897
0.005325066391378641
0.006090473849326372
0.00536448834463954
0.00558655196800828
0.00553726265206933
0.005350968334823847
0.0059617687948048115
0.006628862582147121
0.006384649779647589
0.007368189282715321
0.00786864385008812
0.008848925121128559
0.009003491140902042
0.008424270898103714
0.008149875327944756
0.007147286087274551
0.006977709475904703
0.00740093644708395
0.00901864841580391
0.0075783878564834595
0.006279739551246166
0.006562115624547005
0.006221607327461243
0.006775856949388981
0.007220112252980471
0.0077269067987799644
0.008409920148551464
0.007657937705516815
0.007772091310471296
0.008315385319292545
0.00814278144389391
0.008393336087465286
0.008695085532963276
0.007962629199028015
0.006564009003341198
0.006949445698410273
0.007478943094611168
0.00805828906595707
0.007365424185991287
0.00763316173106432
0.00712414737790823
0.007225066889077425
0.0075135612860322
0.0070720249786973
0.006555091589689255
0.0068863555788993835
0.007125582080334425
0.0076358080841600895
0.0070349909365177155
0.007230953313410282
0.006624619942158461
0.006788160651922226
0.007522758096456528
0.008467885665595531
0.007990900427103043
0.007880514487624168
0.008108650334179401
0.00714673288166523
0.007352117449045181
0.006695871241390705
0.006733808666467667
0.00610653031617403
0.004841493908315897
0.005325066391378641
0.006090473849326372
0.00536448834463954
0.00558655196800828
0.00553726265206933
0.005350968334823847
0.0059617687948048115
0.006628862582147121
0.006384649779647589
0.007368189282715321
0.00786864385008812
0.008848925121128559
0.009003491140902042
0.008424270898103714
0.008149875327944756
0.007147286087274551
0.006977709475904703
0.00740093644708395
0.00901864841580391
0.0075783878564834595
0.006279739551246166
0.006562115624547005
0.006221607327461243
0.006775856949388981
0.007220112252980471
0.0077269067987799644
0.008409920148551464
0.007657937705516815
0.007772091310471296
0.008315385319292545
0.00814278144389391
0.008393336087465286
0.008695085532963276
0.007962629199028015
0.006564009003341198
0.006949445698410273
0.007478943094611168
0.00805828906595707
0.007365424185991287
0.00763316173106432
0.00712414737790823
0.007225066889077425
0.0075135612860322
0.0070720249786973
0.006555091589689255
0.0068863555788993835
0.007125582080334425
0.0076358080841600895
0.0070349909365177155
0.007230953313410282
0.006624619942158461
0.006788160651922226
0.007522758096456528
0.008467885665595531
0.007990900427103043
0.007880514487624168
0.008108650334179401
0.00714673288166523
0.007352117449045181
0.006695871241390705
0.006733808666467667
0.00610653031617403
0.004841493908315897
0.005325066391378641
0.006090473849326372
0.00536448834463954
0.00558655196800828
0.00553726265206933
0.005350968334823847
0.0059617687948048115
0.006628862582147121
0.006384649779647589
0.007368189282715321
0.00786864385008812
0.008848925121128559
0.009003491140902042
0.008424270898103714
0.008149875327944756
0.007147286087274551
0.006977709475904703
0.00740093644708395
0.00901864841580391
0.0075783878564834595
0.006279739551246166
0.006562115624547005
0.006221607327461243
0.006775856949388981
0.007220112252980471
0.0077269067987799644
0.008409920148551464
0.007657937705516815
0.007772091310471296
0.008315385319292545
0.00814278144389391
0.008393336087465286
0.008695085532963276
0.007962629199028015
0.006564009003341198
0.006949445698410273
0.007478943094611168
0.00805828906595707
0.007365424185991287
0.00763316173106432
0.00712414737790823
0.007225066889077425
0.0075135612860322
0.0070720249786973
0.006555091589689255
0.0068863555788993835
0.007125582080334425
0.0076358080841600895
0.0070349909365177155
0.007230953313410282
0.006624619942158461
0.006788160651922226
0.007522758096456528
0.008467885665595531
0.007990900427103043
0.007880514487624168
0.008108650334179401
0.00714673288166523
0.007352117449045181
0.006695871241390705
0.006733808666467667
0.00610653031617403
0.004841493908315897
0.005325066391378641
0.006090473849326372
0.00536448834463954
0.00558655196800828
0.00553726265206933
0.005350968334823847
0.0059617687948048115
0.006628862582147121
0.006384649779647589
0.007368189282715321
0.00786864385008812
0.008848925121128559
0.009003491140902042
0.008424270898103714
0.008149875327944756
0.007147286087274551
0.006977709475904703
0.00740093644708395
0.00901864841580391
0.0075783878564834595
0.006279739551246166
0.006562115624547005
0.006221607327461243
0.006775856949388981
0.007220112252980471
0.0077269067987799644
0.008409920148551464
0.007657937705516815
0.007772091310471296
0.008315385319292545
0.00814278144389391
0.008393336087465286
0.008695085532963276
0.007962629199028015
0.006564009003341198
0.006949445698410273
0.007478943094611168
0.00805828906595707
0.007365424185991287
0.00763316173106432
0.00712414737790823
0.007225066889077425
0.0075135612860322
0.0070720249786973
0.006555091589689255
0.0068863555788993835
0.007125582080334425
0.0076358080841600895
0.0070349909365177155
0.007230953313410282
0.006624619942158461
0.006788160651922226
0.007522758096456528
0.008467885665595531
0.007990900427103043
0.007880514487624168
0.008108650334179401
0.00714673288166523
0.007352117449045181
0.006695871241390705
0.006733808666467667
0.00610653031617403
0.004841493908315897
0.005325066391378641
0.006090473849326372
0.00536448834463954
0.00558655196800828
0.00553726265206933
0.005350968334823847
0.0059617687948048115
0.006628862582147121
0.006384649779647589
0.007368189282715321
0.00786864385008812
0.008848925121128559
0.009003491140902042
0.008424270898103714
0.008149875327944756
0.007147286087274551
0.006977709475904703
0.00740093644708395
0.00901864841580391
0.0075783878564834595
0.006279739551246166
0.006562115624547005
0.006221607327461243
0.006775856949388981
0.007220112252980471
0.0077269067987799644
0.008409920148551464
0.007657937705516815
0.007772091310471296
0.008315385319292545
0.00814278144389391
0.008393336087465286
0.008695085532963276
0.007962629199028015
0.006564009003341198
0.006949445698410273
0.007478943094611168
0.00805828906595707
0.007365424185991287
0.00763316173106432
0.00712414737790823
0.007225066889077425
0.0075135612860322
0.0070720249786973
0.006555091589689255
0.0068863555788993835
0.007125582080334425
0.0076358080841600895
0.0070349909365177155
0.007230953313410282
0.006624619942158461
0.006788160651922226
0.007522758096456528
0.008467885665595531
0.007990900427103043
0.007880514487624168
0.008108650334179401
0.00714673288166523
0.007352117449045181
0.006695871241390705
0.006733808666467667
0.00610653031617403
0.004841493908315897
0.005325066391378641
0.006090473849326372
0.00536448834463954
0.00558655196800828
0.00553726265206933
0.005350968334823847
0.0059617687948048115
0.006628862582147121
0.006384649779647589
0.007368189282715321
0.00786864385008812
0.008848925121128559
0.009003491140902042
0.008424270898103714
0.008149875327944756
0.007147286087274551
0.006977709475904703
0.00740093644708395
0.00901864841580391
0.0075783878564834595
0.006279739551246166
0.006562115624547005
0.006221607327461243
0.006775856949388981
0.007220112252980471
0.0077269067987799644
0.008409920148551464
0.007657937705516815
0.007772091310471296
0.008315385319292545
0.00814278144389391
0.008393336087465286
0.008695085532963276
0.007962629199028015
0.006564009003341198
0.006949445698410273
0.007478943094611168
0.00805828906595707
0.007365424185991287
0.00763316173106432
0.00712414737790823
0.007225066889077425
0.0075135612860322
0.0070720249786973
0.006555091589689255
0.0068863555788993835
0.007125582080334425
0.0076358080841600895
0.0070349909365177155
0.007230953313410282
0.006624619942158461
0.006788160651922226
0.007522758096456528
0.008467885665595531
0.007990900427103043
0.007880514487624168
0.008108650334179401
0.00714673288166523
0.007352117449045181
0.006695871241390705
0.006733808666467667
0.00610653031617403
0.004841493908315897
0.005325066391378641
0.006090473849326372
0.00536448834463954
0.00558655196800828
0.00553726265206933
0.005350968334823847
0.0059617687948048115
0.006628862582147121
0.006384649779647589
0.007368189282715321
0.00786864385008812
0.008848925121128559
0.009003491140902042
0.008424270898103714
0.008149875327944756
0.007147286087274551
0.006977709475904703
0.00740093644708395
0.00901864841580391
0.0075783878564834595
0.006279739551246166
0.006562115624547005
0.006221607327461243
0.006775856949388981
0.007220112252980471
0.0077269067987799644
0.008409920148551464
0.007657937705516815
0.007772091310471296
0.008315385319292545
0.00814278144389391
0.008393336087465286
0.008695085532963276
0.007962629199028015
0.006564009003341198
0.006949445698410273
0.007478943094611168
0.00805828906595707
0.007365424185991287
0.00763316173106432
0.00712414737790823
0.007225066889077425
0.0075135612860322
0.0070720249786973
0.006555091589689255
0.0068863555788993835
0.007125582080334425
0.0076358080841600895
0.0070349909365177155
0.007230953313410282
0.006624619942158461
0.006788160651922226
0.007522758096456528
0.008467885665595531
0.007990900427103043
0.007880514487624168
0.008108650334179401
0.00714673288166523
0.007352117449045181
0.006695871241390705
0.006733808666467667
0.00610653031617403
0.004841493908315897
0.005325066391378641
0.006090473849326372
0.00536448834463954
0.00558655196800828
0.00553726265206933
0.005350968334823847
0.0059617687948048115
0.006628862582147121
0.006384649779647589
0.007368189282715321
0.00786864385008812
0.008848925121128559
0.009003491140902042
0.008424270898103714
0.008149875327944756
0.007147286087274551
0.006977709475904703
0.00740093644708395
0.00901864841580391
0.0075783878564834595
0.006279739551246166
0.006562115624547005
0.006221607327461243
0.006775856949388981
0.007220112252980471
0.0077269067987799644
0.008409920148551464
0.007657937705516815
0.007772091310471296
0.008315385319292545
0.00814278144389391
0.008393336087465286
0.008695085532963276
0.007962629199028015
0.006564009003341198
0.006949445698410273
0.007478943094611168
0.00805828906595707
0.007365424185991287
0.00763316173106432
0.00712414737790823
0.007225066889077425
0.0075135612860322
0.0070720249786973
0.006555091589689255
0.0068863555788993835
0.007125582080334425
0.0076358080841600895
0.0070349909365177155
0.007230953313410282
0.006624619942158461
0.006788160651922226
0.007522758096456528
0.008467885665595531
0.007990900427103043
0.007880514487624168
0.008108650334179401
0.00714673288166523
0.007352117449045181
0.006695871241390705
0.006733808666467667
0.00610653031617403
0.004841493908315897
0.005325066391378641
0.006090473849326372
0.00536448834463954
0.00558655196800828
0.00553726265206933
0.005350968334823847
0.0059617687948048115
0.006628862582147121
0.006384649779647589
0.007368189282715321
0.00786864385008812
0.008848925121128559
0.009003491140902042
0.008424270898103714
0.008149875327944756
0.007147286087274551
0.006977709475904703
0.00740093644708395
0.00901864841580391
0.0075783878564834595
0.006279739551246166
0.006562115624547005
0.006221607327461243
0.006775856949388981
0.007220112252980471
0.0077269067987799644
0.008409920148551464
0.007657937705516815
0.007772091310471296
0.008315385319292545
0.00814278144389391
0.008393336087465286
0.008695085532963276
0.007962629199028015
0.006564009003341198
0.006949445698410273
0.007478943094611168
0.00805828906595707
0.007365424185991287
0.00763316173106432
0.00712414737790823
0.007225066889077425
0.0075135612860322
0.0070720249786973
0.006555091589689255
0.0068863555788993835
0.007125582080334425
0.0076358080841600895
0.0070349909365177155
0.007230953313410282
0.006624619942158461
0.006788160651922226
0.007522758096456528
0.008467885665595531
0.007990900427103043
0.007880514487624168
0.008108650334179401
0.00714673288166523
0.007352117449045181
0.006695871241390705
0.006733808666467667
0.00610653031617403
0.004841493908315897
0.005325066391378641
0.006090473849326372
0.00536448834463954
0.00558655196800828
0.00553726265206933
0.005350968334823847
0.0059617687948048115
0.006628862582147121
0.006384649779647589
0.007368189282715321
0.00786864385008812
0.008848925121128559
0.009003491140902042
0.008424270898103714
0.008149875327944756
0.007147286087274551
0.006977709475904703
0.00740093644708395
0.00901864841580391
0.0075783878564834595
0.006279739551246166
0.006562115624547005
0.006221607327461243
0.006775856949388981
0.007220112252980471
0.0077269067987799644
0.008409920148551464
0.007657937705516815
0.007772091310471296
0.008315385319292545
0.00814278144389391
0.008393336087465286
0.008695085532963276
0.007962629199028015
0.006564009003341198
0.006949445698410273
0.007478943094611168
0.00805828906595707
0.007365424185991287
0.00763316173106432
0.00712414737790823
0.007225066889077425
0.0075135612860322
0.0070720249786973
0.006555091589689255
0.0068863555788993835
0.007125582080334425
0.0076358080841600895
0.0070349909365177155
0.007230953313410282
0.006624619942158461
0.006788160651922226
0.007522758096456528
0.008467885665595531
0.007990900427103043
0.007880514487624168
0.008108650334179401
0.00714673288166523
0.007352117449045181
0.006695871241390705
0.006733808666467667
0.00610653031617403
0.004841493908315897
0.005325066391378641
0.006090473849326372
0.00536448834463954
0.00558655196800828
0.00553726265206933
0.005350968334823847
0.0059617687948048115
0.006628862582147121
0.006384649779647589
0.007368189282715321
0.00786864385008812
0.008848925121128559
0.009003491140902042
0.008424270898103714
0.008149875327944756
0.007147286087274551
0.006977709475904703
0.00740093644708395
0.00901864841580391
0.0075783878564834595
0.006279739551246166
0.006562115624547005
0.006221607327461243
0.006775856949388981
0.007220112252980471
0.0077269067987799644
0.008409920148551464
0.007657937705516815
0.007772091310471296
0.008315385319292545
0.00814278144389391
0.008393336087465286
0.008695085532963276
0.007962629199028015
0.006564009003341198
0.006949445698410273
0.007478943094611168
0.00805828906595707
0.007365424185991287
0.00763316173106432
0.00712414737790823
0.007225066889077425
0.0075135612860322
0.0070720249786973
0.006555091589689255
0.0068863555788993835
0.007125582080334425
0.0076358080841600895
0.0070349909365177155
0.007230953313410282
0.006624619942158461
0.006788160651922226
0.007522758096456528
0.008467885665595531
0.007990900427103043
0.007880514487624168
0.008108650334179401
0.00714673288166523
0.007352117449045181
0.006695871241390705
0.006733808666467667
0.00610653031617403
0.004841493908315897
0.005325066391378641
0.006090473849326372
0.00536448834463954
0.00558655196800828
0.00553726265206933
0.005350968334823847
0.0059617687948048115
0.006628862582147121
0.006384649779647589
0.007368189282715321
0.00786864385008812
0.008848925121128559
0.009003491140902042
0.008424270898103714
0.008149875327944756
0.007147286087274551
0.006977709475904703
0.00740093644708395
0.00901864841580391
0.0075783878564834595
0.006279739551246166
0.006562115624547005
0.006221607327461243
0.006775856949388981
0.007220112252980471
0.0077269067987799644
0.008409920148551464
0.007657937705516815
0.007772091310471296
0.008315385319292545
0.00814278144389391
0.008393336087465286
0.008695085532963276
0.007962629199028015
0.006564009003341198
0.006949445698410273
0.007478943094611168
0.00805828906595707
0.007365424185991287
0.00763316173106432
0.00712414737790823
0.007225066889077425
0.0075135612860322
0.0070720249786973
0.006555091589689255
0.0068863555788993835
0.007125582080334425
0.0076358080841600895
0.0070349909365177155
0.007230953313410282
0.006624619942158461
0.006788160651922226
0.007522758096456528
0.008467885665595531
0.007990900427103043
0.007880514487624168
0.008108650334179401
0.00714673288166523
0.007352117449045181
0.006695871241390705
0.006733808666467667
0.00610653031617403
0.004841493908315897
0.005325066391378641
0.006090473849326372
0.00536448834463954
0.00558655196800828
0.00553726265206933
0.005350968334823847
0.0059617687948048115
0.006628862582147121
0.006384649779647589
0.007368189282715321
0.00786864385008812
0.008848925121128559
0.009003491140902042
0.008424270898103714
0.008149875327944756
0.007147286087274551
0.006977709475904703
0.00740093644708395
0.00901864841580391
0.0075783878564834595
0.006279739551246166
0.006562115624547005
0.006221607327461243
0.006775856949388981
0.007220112252980471
0.0077269067987799644
0.008409920148551464
0.007657937705516815
0.007772091310471296
0.008315385319292545
0.00814278144389391
0.008393336087465286
0.008695085532963276
0.007962629199028015
0.006564009003341198
0.006949445698410273
0.007478943094611168
0.00805828906595707
0.007365424185991287
0.00763316173106432
0.00712414737790823
0.007225066889077425
0.0075135612860322
0.0070720249786973
0.006555091589689255
0.0068863555788993835
0.007125582080334425
0.0076358080841600895
0.0070349909365177155
0.007230953313410282
0.006624619942158461
0.006788160651922226
0.007522758096456528
0.008467885665595531
0.007990900427103043
