0.016484035179018974
0.016719281673431396
0.016557864844799042
0.017381783574819565
0.017721373587846756
0.01693301647901535
0.01660333201289177
0.015558551996946335
0.01433080155402422
0.014677239581942558
0.015018483623862267
0.014362279325723648
0.015058871358633041
0.013992151245474815
0.01467351894825697
0.01554552000015974
0.016426678746938705
0.01776145026087761
0.018389811739325523
0.01773643307387829
0.01714242249727249
0.018046770244836807
0.020700538530945778
0.01947096735239029
0.020417194813489914
0.019246432930231094
0.018750403076410294
0.019176103174686432
0.02001773566007614
0.02024131827056408
0.020221898332238197
0.019569383934140205
0.019064713269472122
0.021183675155043602
0.020029643550515175
0.02091657742857933
0.021437298506498337
0.021172454580664635
0.01887749880552292
0.01941586658358574
0.020242413505911827
0.01886892318725586
0.019151760265231133
0.019895970821380615
0.020390860736370087
0.01916838251054287
0.01717102900147438
0.016452200710773468
0.01656261831521988
0.015926748514175415
0.015038060024380684
0.013990717008709908
0.013194087892770767
0.013156652450561523
0.01201915368437767
0.011339260265231133
0.011442231014370918
0.01101369597017765
0.01031364593654871
0.011079019866883755
0.01077460590749979
0.010969479568302631
0.01169403363019228
0.012813227251172066
0.012390087358653545
0.012421311810612679
0.011607356369495392
0.01055722776800394
0.009013686329126358
0.010027846321463585
0.009786472655832767
0.009516642428934574
0.010352606885135174
0.010237499140202999
0.009296557866036892
0.012175379320979118
0.010899561457335949
0.012743616476655006
0.014162475243210793
0.013292432762682438
0.012770714238286018
0.012657900340855122
0.012737145647406578
0.012836404144763947
0.01346484012901783
0.01366771012544632
0.01287070568650961
0.014591098763048649
0.014989408664405346
0.016593456268310547
0.01710890419781208
0.017283817753195763
0.017916180193424225
0.017965521663427353
0.019143609330058098
0.018950894474983215
0.020603198558092117
0.018643975257873535
0.02108561061322689
0.016442714259028435
0.017381783574819565
0.017721373587846756
0.01693301647901535
0.01660333201289177
0.015558551996946335
0.01433080155402422
0.014677239581942558
0.015018483623862267
0.014362279325723648
0.015058871358633041
0.013992151245474815
0.01467351894825697
0.01554552000015974
0.016426678746938705
0.01776145026087761
0.018389811739325523
0.01773643307387829
0.01714242249727249
0.018046770244836807
0.020700538530945778
0.01947096735239029
0.020417194813489914
0.019246432930231094
0.018750403076410294
0.019176103174686432
0.02001773566007614
0.02024131827056408
0.020221898332238197
0.019569383934140205
0.019064713269472122
0.021183675155043602
0.020029643550515175
0.02091657742857933
0.021437298506498337
0.021172454580664635
0.01887749880552292
0.01941586658358574
0.020242413505911827
0.01886892318725586
0.019151760265231133
0.019895970821380615
0.020390860736370087
0.01916838251054287
0.01717102900147438
0.016452200710773468
0.01656261831521988
0.015926748514175415
0.015038060024380684
0.013990717008709908
0.013194087892770767
0.013156652450561523
0.01201915368437767
0.011339260265231133
0.011442231014370918
0.01101369597017765
0.01031364593654871
0.011079019866883755
0.01077460590749979
0.010969479568302631
0.01169403363019228
0.012813227251172066
0.012390087358653545
0.012421311810612679
0.011607356369495392
0.01055722776800394
0.009013686329126358
0.010027846321463585
0.009786472655832767
0.009516642428934574
0.010352606885135174
0.010237499140202999
0.009296557866036892
0.012175379320979118
0.010899561457335949
0.012743616476655006
0.014162475243210793
0.013292432762682438
0.012770714238286018
0.012657900340855122
0.012737145647406578
0.012836404144763947
0.01346484012901783
0.01366771012544632
0.01287070568650961
0.014591098763048649
0.014989408664405346
0.016593456268310547
0.01710890419781208
0.017283817753195763
0.017916180193424225
0.017965521663427353
0.019143609330058098
0.018950894474983215
0.020603198558092117
0.018643975257873535
0.02108561061322689
0.016442714259028435
0.017381783574819565
0.017721373587846756
0.01693301647901535
0.01660333201289177
0.015558551996946335
0.01433080155402422
0.014677239581942558
0.015018483623862267
0.014362279325723648
0.015058871358633041
0.013992151245474815
0.01467351894825697
0.01554552000015974
0.016426678746938705
0.01776145026087761
0.018389811739325523
0.01773643307387829
0.01714242249727249
0.018046770244836807
0.020700538530945778
0.01947096735239029
0.020417194813489914
0.019246432930231094
0.018750403076410294
0.019176103174686432
0.02001773566007614
0.02024131827056408
0.020221898332238197
0.019569383934140205
0.019064713269472122
0.021183675155043602
0.020029643550515175
0.02091657742857933
0.021437298506498337
0.021172454580664635
0.01887749880552292
0.01941586658358574
0.020242413505911827
0.01886892318725586
0.019151760265231133
0.019895970821380615
0.020390860736370087
0.01916838251054287
0.01717102900147438
0.016452200710773468
0.01656261831521988
0.015926748514175415
0.015038060024380684
0.013990717008709908
0.013194087892770767
0.013156652450561523
0.01201915368437767
0.011339260265231133
0.011442231014370918
0.01101369597017765
0.01031364593654871
0.011079019866883755
0.01077460590749979
0.010969479568302631
0.01169403363019228
0.012813227251172066
0.012390087358653545
0.012421311810612679
0.011607356369495392
0.01055722776800394
0.009013686329126358
0.010027846321463585
0.009786472655832767
0.009516642428934574
0.010352606885135174
0.010237499140202999
0.009296557866036892
0.012175379320979118
0.010899561457335949
0.012743616476655006
0.014162475243210793
0.013292432762682438
0.012770714238286018
0.012657900340855122
0.012737145647406578
0.012836404144763947
0.01346484012901783
0.01366771012544632
0.01287070568650961
0.014591098763048649
0.014989408664405346
0.016593456268310547
0.01710890419781208
0.017283817753195763
0.017916180193424225
0.017965521663427353
0.019143609330058098
0.018950894474983215
0.020603198558092117
0.018643975257873535
0.02108561061322689
0.016442714259028435
0.017381783574819565
0.017721373587846756
0.01693301647901535
0.01660333201289177
0.015558551996946335
0.01433080155402422
0.014677239581942558
0.015018483623862267
0.014362279325723648
0.015058871358633041
0.013992151245474815
0.01467351894825697
0.01554552000015974
0.016426678746938705
0.01776145026087761
0.018389811739325523
0.01773643307387829
0.01714242249727249
0.018046770244836807
0.020700538530945778
0.01947096735239029
0.020417194813489914
0.019246432930231094
0.018750403076410294
0.019176103174686432
0.02001773566007614
0.02024131827056408
0.020221898332238197
0.019569383934140205
0.019064713269472122
0.021183675155043602
0.020029643550515175
0.02091657742857933
0.021437298506498337
0.021172454580664635
0.01887749880552292
0.01941586658358574
0.020242413505911827
0.01886892318725586
0.019151760265231133
0.019895970821380615
0.020390860736370087
0.01916838251054287
0.01717102900147438
0.016452200710773468
0.01656261831521988
0.015926748514175415
0.015038060024380684
0.013990717008709908
0.013194087892770767
0.013156652450561523
0.01201915368437767
0.011339260265231133
0.011442231014370918
0.01101369597017765
0.01031364593654871
0.011079019866883755
0.01077460590749979
0.010969479568302631
0.01169403363019228
0.012813227251172066
0.012390087358653545
0.012421311810612679
0.011607356369495392
0.01055722776800394
0.009013686329126358
0.010027846321463585
0.009786472655832767
0.009516642428934574
0.010352606885135174
0.010237499140202999
0.009296557866036892
0.012175379320979118
0.010899561457335949
0.012743616476655006
0.014162475243210793
0.013292432762682438
0.012770714238286018
0.012657900340855122
0.012737145647406578
0.012836404144763947
0.01346484012901783
0.01366771012544632
0.01287070568650961
0.014591098763048649
0.014989408664405346
0.016593456268310547
0.01710890419781208
0.017283817753195763
0.017916180193424225
0.017965521663427353
0.019143609330058098
0.018950894474983215
0.020603198558092117
0.018643975257873535
0.02108561061322689
0.016442714259028435
0.017381783574819565
0.017721373587846756
0.01693301647901535
0.01660333201289177
0.015558551996946335
0.01433080155402422
0.014677239581942558
0.015018483623862267
0.014362279325723648
0.015058871358633041
0.013992151245474815
0.01467351894825697
0.01554552000015974
0.016426678746938705
0.01776145026087761
0.018389811739325523
0.01773643307387829
0.01714242249727249
0.018046770244836807
0.020700538530945778
0.01947096735239029
0.020417194813489914
0.019246432930231094
0.018750403076410294
0.019176103174686432
0.02001773566007614
0.02024131827056408
0.020221898332238197
0.019569383934140205
0.019064713269472122
0.021183675155043602
0.020029643550515175
0.02091657742857933
0.021437298506498337
0.021172454580664635
0.01887749880552292
0.01941586658358574
0.020242413505911827
0.01886892318725586
0.019151760265231133
0.019895970821380615
0.020390860736370087
0.01916838251054287
0.01717102900147438
0.016452200710773468
0.01656261831521988
0.015926748514175415
0.015038060024380684
0.013990717008709908
0.013194087892770767
0.013156652450561523
0.01201915368437767
0.011339260265231133
0.011442231014370918
0.01101369597017765
0.01031364593654871
0.011079019866883755
0.01077460590749979
0.010969479568302631
0.01169403363019228
0.012813227251172066
0.012390087358653545
0.012421311810612679
0.011607356369495392
0.01055722776800394
0.009013686329126358
0.010027846321463585
0.009786472655832767
0.009516642428934574
0.010352606885135174
0.010237499140202999
0.009296557866036892
0.012175379320979118
0.010899561457335949
0.012743616476655006
0.014162475243210793
0.013292432762682438
0.012770714238286018
0.012657900340855122
0.012737145647406578
0.012836404144763947
0.01346484012901783
0.01366771012544632
0.01287070568650961
0.014591098763048649
0.014989408664405346
0.016593456268310547
0.01710890419781208
0.017283817753195763
0.017916180193424225
0.017965521663427353
0.019143609330058098
0.018950894474983215
0.020603198558092117
0.018643975257873535
0.02108561061322689
0.016442714259028435
0.017381783574819565
0.017721373587846756
0.01693301647901535
0.01660333201289177
0.015558551996946335
0.01433080155402422
0.014677239581942558
0.015018483623862267
0.014362279325723648
0.015058871358633041
0.013992151245474815
0.01467351894825697
0.01554552000015974
0.016426678746938705
0.01776145026087761
0.018389811739325523
0.01773643307387829
0.01714242249727249
0.018046770244836807
0.020700538530945778
0.01947096735239029
0.020417194813489914
0.019246432930231094
0.018750403076410294
0.019176103174686432
0.02001773566007614
0.02024131827056408
0.020221898332238197
0.019569383934140205
0.019064713269472122
0.021183675155043602
0.020029643550515175
0.02091657742857933
0.021437298506498337
0.021172454580664635
0.01887749880552292
0.01941586658358574
0.020242413505911827
0.01886892318725586
0.019151760265231133
0.019895970821380615
0.020390860736370087
0.01916838251054287
0.01717102900147438
0.016452200710773468
0.01656261831521988
0.015926748514175415
0.015038060024380684
0.013990717008709908
0.013194087892770767
0.013156652450561523
0.01201915368437767
0.011339260265231133
0.011442231014370918
0.01101369597017765
0.01031364593654871
0.011079019866883755
0.01077460590749979
0.010969479568302631
0.01169403363019228
0.012813227251172066
0.012390087358653545
0.012421311810612679
0.011607356369495392
0.01055722776800394
0.009013686329126358
0.010027846321463585
0.009786472655832767
0.009516642428934574
0.010352606885135174
0.010237499140202999
0.009296557866036892
0.012175379320979118
0.010899561457335949
0.012743616476655006
0.014162475243210793
0.013292432762682438
0.012770714238286018
0.012657900340855122
0.012737145647406578
0.012836404144763947
0.01346484012901783
0.01366771012544632
0.01287070568650961
0.014591098763048649
0.014989408664405346
0.016593456268310547
0.01710890419781208
0.017283817753195763
0.017916180193424225
0.017965521663427353
0.019143609330058098
0.018950894474983215
0.020603198558092117
0.018643975257873535
0.02108561061322689
0.016442714259028435
0.017381783574819565
0.017721373587846756
0.01693301647901535
0.01660333201289177
0.015558551996946335
0.01433080155402422
0.014677239581942558
0.015018483623862267
0.014362279325723648
0.015058871358633041
0.013992151245474815
0.01467351894825697
0.01554552000015974
0.016426678746938705
0.01776145026087761
0.018389811739325523
0.01773643307387829
0.01714242249727249
0.018046770244836807
0.020700538530945778
0.01947096735239029
0.020417194813489914
0.019246432930231094
0.018750403076410294
0.019176103174686432
0.02001773566007614
0.02024131827056408
0.020221898332238197
0.019569383934140205
0.019064713269472122
0.021183675155043602
0.020029643550515175
0.02091657742857933
0.021437298506498337
0.021172454580664635
0.01887749880552292
0.01941586658358574
0.020242413505911827
0.01886892318725586
0.019151760265231133
0.019895970821380615
0.020390860736370087
0.01916838251054287
0.01717102900147438
0.016452200710773468
0.01656261831521988
0.015926748514175415
0.015038060024380684
0.013990717008709908
0.013194087892770767
0.013156652450561523
0.01201915368437767
0.011339260265231133
0.011442231014370918
0.01101369597017765
0.01031364593654871
0.011079019866883755
0.01077460590749979
0.010969479568302631
0.01169403363019228
0.012813227251172066
0.012390087358653545
0.012421311810612679
0.011607356369495392
0.01055722776800394
0.009013686329126358
0.010027846321463585
0.009786472655832767
0.009516642428934574
0.010352606885135174
0.010237499140202999
0.009296557866036892
0.012175379320979118
0.010899561457335949
0.012743616476655006
0.014162475243210793
0.013292432762682438
0.012770714238286018
0.012657900340855122
0.012737145647406578
0.012836404144763947
0.01346484012901783
0.01366771012544632
0.01287070568650961
0.014591098763048649
0.014989408664405346
0.016593456268310547
0.01710890419781208
0.017283817753195763
0.017916180193424225
0.017965521663427353
0.019143609330058098
0.018950894474983215
0.020603198558092117
0.018643975257873535
0.02108561061322689
0.016442714259028435
0.017381783574819565
0.017721373587846756
0.01693301647901535
0.01660333201289177
0.015558551996946335
0.01433080155402422
0.014677239581942558
0.015018483623862267
0.014362279325723648
0.015058871358633041
0.013992151245474815
0.01467351894825697
0.01554552000015974
0.016426678746938705
0.01776145026087761
0.018389811739325523
0.01773643307387829
0.01714242249727249
0.018046770244836807
0.020700538530945778
0.01947096735239029
0.020417194813489914
0.019246432930231094
0.018750403076410294
0.019176103174686432
0.02001773566007614
0.02024131827056408
0.020221898332238197
0.019569383934140205
0.019064713269472122
0.021183675155043602
0.020029643550515175
0.02091657742857933
0.021437298506498337
0.021172454580664635
0.01887749880552292
0.01941586658358574
0.020242413505911827
0.01886892318725586
0.019151760265231133
0.019895970821380615
0.020390860736370087
0.01916838251054287
0.01717102900147438
0.016452200710773468
0.01656261831521988
0.015926748514175415
0.015038060024380684
0.013990717008709908
0.013194087892770767
0.013156652450561523
0.01201915368437767
0.011339260265231133
0.011442231014370918
0.01101369597017765
0.01031364593654871
0.011079019866883755
0.01077460590749979
0.010969479568302631
0.01169403363019228
0.012813227251172066
0.012390087358653545
0.012421311810612679
0.011607356369495392
0.01055722776800394
0.009013686329126358
0.010027846321463585
0.009786472655832767
0.009516642428934574
0.010352606885135174
0.010237499140202999
0.009296557866036892
0.012175379320979118
0.010899561457335949
0.012743616476655006
0.014162475243210793
0.013292432762682438
0.012770714238286018
0.012657900340855122
0.012737145647406578
0.012836404144763947
0.01346484012901783
0.01366771012544632
0.01287070568650961
0.014591098763048649
0.014989408664405346
0.016593456268310547
0.01710890419781208
0.017283817753195763
0.017916180193424225
0.017965521663427353
0.019143609330058098
0.018950894474983215
0.020603198558092117
0.018643975257873535
0.02108561061322689
0.016442714259028435
0.017381783574819565
0.017721373587846756
0.01693301647901535
0.01660333201289177
0.015558551996946335
0.01433080155402422
0.014677239581942558
0.015018483623862267
0.014362279325723648
0.015058871358633041
0.013992151245474815
0.01467351894825697
0.01554552000015974
0.016426678746938705
0.01776145026087761
0.018389811739325523
0.01773643307387829
0.01714242249727249
0.018046770244836807
0.020700538530945778
0.01947096735239029
0.020417194813489914
0.019246432930231094
0.018750403076410294
0.019176103174686432
0.02001773566007614
0.02024131827056408
0.020221898332238197
0.019569383934140205
0.019064713269472122
0.021183675155043602
0.020029643550515175
0.02091657742857933
0.021437298506498337
0.021172454580664635
0.01887749880552292
0.01941586658358574
0.020242413505911827
0.01886892318725586
0.019151760265231133
0.019895970821380615
0.020390860736370087
0.01916838251054287
0.01717102900147438
0.016452200710773468
0.01656261831521988
0.015926748514175415
0.015038060024380684
0.013990717008709908
0.013194087892770767
0.013156652450561523
0.01201915368437767
0.011339260265231133
0.011442231014370918
0.01101369597017765
0.01031364593654871
0.011079019866883755
0.01077460590749979
0.010969479568302631
0.01169403363019228
0.012813227251172066
0.012390087358653545
0.012421311810612679
0.011607356369495392
0.01055722776800394
0.009013686329126358
0.010027846321463585
0.009786472655832767
0.009516642428934574
0.010352606885135174
0.010237499140202999
0.009296557866036892
0.012175379320979118
0.010899561457335949
0.012743616476655006
0.014162475243210793
0.013292432762682438
0.012770714238286018
0.012657900340855122
0.012737145647406578
0.012836404144763947
0.01346484012901783
0.01366771012544632
0.01287070568650961
0.014591098763048649
0.014989408664405346
0.016593456268310547
0.01710890419781208
0.017283817753195763
0.017916180193424225
0.017965521663427353
0.019143609330058098
0.018950894474983215
0.020603198558092117
0.018643975257873535
0.02108561061322689
0.016442714259028435
0.017381783574819565
0.017721373587846756
0.01693301647901535
0.01660333201289177
0.015558551996946335
0.01433080155402422
0.014677239581942558
0.015018483623862267
0.014362279325723648
0.015058871358633041
0.013992151245474815
0.01467351894825697
0.01554552000015974
0.016426678746938705
0.01776145026087761
0.018389811739325523
0.01773643307387829
0.01714242249727249
0.018046770244836807
0.020700538530945778
0.01947096735239029
0.020417194813489914
0.019246432930231094
0.018750403076410294
0.019176103174686432
0.02001773566007614
0.02024131827056408
0.020221898332238197
0.019569383934140205
0.019064713269472122
0.021183675155043602
0.020029643550515175
0.02091657742857933
0.021437298506498337
0.021172454580664635
0.01887749880552292
0.01941586658358574
0.020242413505911827
0.01886892318725586
0.019151760265231133
0.019895970821380615
0.020390860736370087
0.01916838251054287
0.01717102900147438
0.016452200710773468
0.01656261831521988
0.015926748514175415
0.015038060024380684
0.013990717008709908
0.013194087892770767
0.013156652450561523
0.01201915368437767
0.011339260265231133
0.011442231014370918
0.01101369597017765
0.01031364593654871
0.011079019866883755
0.01077460590749979
0.010969479568302631
0.01169403363019228
0.012813227251172066
0.012390087358653545
0.012421311810612679
0.011607356369495392
0.01055722776800394
0.009013686329126358
0.010027846321463585
0.009786472655832767
0.009516642428934574
0.010352606885135174
0.010237499140202999
0.009296557866036892
0.012175379320979118
0.010899561457335949
0.012743616476655006
0.014162475243210793
0.013292432762682438
0.012770714238286018
0.012657900340855122
0.012737145647406578
0.012836404144763947
0.01346484012901783
0.01366771012544632
0.01287070568650961
0.014591098763048649
0.014989408664405346
0.016593456268310547
0.01710890419781208
0.017283817753195763
0.017916180193424225
0.017965521663427353
0.019143609330058098
0.018950894474983215
0.020603198558092117
0.018643975257873535
0.02108561061322689
0.016442714259028435
0.017381783574819565
0.017721373587846756
0.01693301647901535
0.01660333201289177
0.015558551996946335
0.01433080155402422
0.014677239581942558
0.015018483623862267
0.014362279325723648
0.015058871358633041
0.013992151245474815
0.01467351894825697
0.01554552000015974
0.016426678746938705
0.01776145026087761
0.018389811739325523
0.01773643307387829
0.01714242249727249
0.018046770244836807
0.020700538530945778
0.01947096735239029
0.020417194813489914
0.019246432930231094
0.018750403076410294
0.019176103174686432
0.02001773566007614
0.02024131827056408
